-35.00000 -29.37622
-34.82121 -29.37436
-34.75000 -29.37362
-34.58168 -29.37059
-34.50000 -29.36912
-34.34925 -29.36427
-34.25000 -29.36107
-34.12752 -29.35409
-34.00000 -29.34682
-33.91991 -29.33883
-33.75000 -29.32187
-33.72775 -29.31801
-33.68160 -29.31000
-33.55908 -29.28873
-33.50000 -29.27847
-33.41086 -29.25209
-33.30245 -29.22000
-33.27367 -29.21148
-33.25000 -29.20447
-33.16172 -29.16178
-33.09600 -29.13000
-33.05503 -29.11019
-33.00000 -29.08357
-32.95981 -29.05447
-32.93983 -29.04000
-32.87680 -28.99435
-32.81556 -28.95000
-32.79379 -28.93424
-32.75000 -28.90252
-32.71691 -28.87191
-32.70404 -28.86000
-32.64688 -28.80712
-32.60676 -28.77000
-32.57686 -28.74233
-32.50949 -28.68000
-32.50683 -28.67754
-32.50000 -28.67122
-32.44005 -28.61158
-32.41835 -28.59000
-32.37362 -28.54550
-32.32788 -28.50000
-32.30719 -28.47941
-32.25000 -28.42252
-32.24079 -28.41332
-32.23747 -28.41000
-32.17460 -28.34714
-32.14746 -28.32000
-32.10842 -28.28097
-32.05744 -28.23000
-32.04223 -28.21480
-32.00000 -28.17257
-31.97604 -28.14863
-31.96741 -28.14000
-31.90983 -28.08246
-31.87735 -28.05000
-31.84363 -28.01629
-31.78730 -27.96000
-31.77742 -27.95013
-31.75000 -27.92272
-31.71115 -27.88399
-31.69712 -27.87000
-31.64482 -27.81786
-31.60685 -27.78000
-31.57850 -27.75174
-31.51658 -27.69000
-31.51218 -27.68562
-31.50000 -27.67347
-31.44516 -27.61974
-31.42501 -27.60000
-31.37799 -27.55393
-31.33316 -27.51000
-31.31081 -27.48811
-31.25000 -27.42852
-31.24346 -27.42236
-31.24096 -27.42000
-31.17439 -27.35722
-31.14552 -27.33000
-31.10532 -27.29209
-31.05008 -27.24000
-31.03624 -27.22695
-31.00000 -27.19277
-30.96642 -27.16209
-30.95319 -27.15000
-30.89577 -27.09752
-30.85470 -27.06000
-30.82511 -27.03296
-30.75621 -26.97000
-30.75446 -26.96840
-30.75000 -26.96432
-30.67499 -26.90700
-30.63966 -26.88000
-30.59493 -26.84582
-30.52189 -26.79000
-30.51488 -26.78464
-30.50000 -26.77327
-30.41258 -26.73147
-30.34677 -26.70000
-30.30521 -26.68013
-30.25000 -26.65372
-30.16912 -26.63912
-30.00789 -26.61000
-30.00264 -26.60905
-30.00000 -26.60857
-29.84161 -26.57702
-29.75000 -26.55877
-29.56762 -26.58566
-29.50000 -26.59562
-29.28552 -26.59721
-29.25000 -26.59747
-29.03250 -26.59830
-29.00000 -26.59842
-28.82479 -26.58308
-28.75000 -26.57652
-28.56600 -26.58624
-28.50000 -26.58972
-28.32455 -26.58316
-28.25000 -26.58037
-28.11378 -26.56904
-28.00000 -26.55957
-27.90376 -26.55465
-27.75000 -26.54677
-27.69257 -26.54068
-27.50000 -26.52022
-27.49962 -26.52014
-27.49900 -26.52000
-27.34556 -26.48560
-27.25000 -26.46417
-27.20881 -26.44483
-27.17723 -26.43000
-27.10032 -26.39388
-27.00000 -26.34677
-26.98957 -26.34375
-26.97662 -26.34000
-26.85107 -26.30361
-26.75000 -26.27432
-26.70423 -26.26648
-26.60808 -26.25000
-26.53486 -26.23745
-26.50000 -26.23147
-26.34428 -26.21606
-26.25000 -26.20672
-26.13665 -26.20081
-26.00000 -26.19367
-25.91240 -26.19154
-25.75000 -26.18757
-25.67543 -26.18684
-25.50000 -26.18512
-25.43094 -26.18486
-25.25000 -26.18417
-25.18307 -26.18409
-25.00000 -26.18387
-24.93376 -26.18385
-24.75000 -26.18377
-24.68400 -26.18376
-24.50000 -26.18372
-24.43410 -26.18372
-24.25000 -26.18372
-24.18410 -26.18372
-24.00000 -26.18372
-23.93410 -26.18372
-23.75000 -26.18372
-23.68410 -26.18372
-23.50000 -26.18372
-23.43410 -26.18372
-23.25000 -26.18372
-23.18410 -26.18372
-23.00000 -26.18372
-22.93410 -26.18372
-22.75000 -26.18372
-22.68410 -26.18372
-22.50000 -26.18372
-22.43410 -26.18372
-22.25000 -26.18372
-22.18410 -26.18372
-22.00000 -26.18372
-21.93414 -26.18371
-21.75000 -26.18367
-21.68424 -26.18367
-21.50000 -26.18367
-21.43427 -26.18366
-21.25000 -26.18362
-21.18441 -26.18361
-21.00000 -26.18357
-20.93470 -26.18351
-20.75000 -26.18332
-20.68539 -26.18326
-20.50000 -26.18307
-20.43619 -26.18297
-20.25000 -26.18267
-20.18750 -26.18250
-20.00000 -26.18197
-19.93983 -26.18166
-19.75000 -26.18067
-19.69394 -26.18018
-19.50000 -26.17847
-19.45087 -26.17769
-19.25000 -26.17447
-19.21273 -26.17342
-19.00000 -26.16737
-18.98204 -26.16647
-18.85426 -26.16000
-18.76285 -26.15537
-18.75000 -26.15472
-18.56147 -26.13787
-18.50000 -26.13237
-18.37982 -26.11327
-18.25000 -26.09262
-18.21469 -26.08271
-18.16943 -26.07000
-18.07424 -26.04327
-18.00000 -26.02242
-17.95022 -25.99792
-17.91381 -25.98000
-17.84461 -25.94594
-17.75000 -25.89937
-17.74213 -25.89283
-17.73872 -25.89000
-17.66656 -25.83004
-17.63042 -25.80000
-17.59100 -25.76724
-17.52211 -25.71000
-17.51543 -25.70445
-17.50000 -25.69162
-17.45219 -25.63721
-17.43706 -25.62000
-17.39211 -25.56884
-17.35798 -25.53000
-17.33203 -25.50047
-17.27889 -25.44000
-17.27195 -25.43210
-17.25000 -25.40712
-17.18820 -25.37225
-17.14879 -25.35000
-17.09084 -25.31730
-17.00000 -25.26602
-16.98457 -25.26556
-16.80183 -25.26000
-16.75404 -25.25855
-16.75000 -25.25842
-16.50479 -25.25828
-16.50000 -25.25827
-16.25520 -25.25813
-16.25000 -25.25812
-16.00602 -25.25783
-16.00000 -25.25782
-15.75753 -25.25729
-15.75000 -25.25727
-15.51024 -25.25632
-15.50000 -25.25627
-15.26479 -25.25467
-15.25000 -25.25457
-15.02277 -25.25180
-15.00000 -25.25152
-14.78636 -25.24691
-14.75000 -25.24612
-14.55883 -25.23882
-14.50000 -25.23657
-14.34416 -25.22610
-14.25000 -25.21977
-14.14556 -25.20760
-14.00000 -25.19062
-13.96309 -25.18329
-13.89626 -25.17000
-13.80203 -25.15127
-13.75000 -25.14092
-13.66137 -25.11191
-13.56391 -25.08000
-13.53044 -25.06904
-13.50000 -25.05907
-13.42018 -25.01873
-13.36333 -24.99000
-13.31618 -24.96617
-13.25000 -24.93272
-13.21913 -24.91111
-13.20326 -24.90000
-13.13424 -24.85167
-13.07473 -24.81000
-13.04935 -24.79223
-13.00000 -24.75767
-12.96877 -24.73124
-12.95549 -24.72000
-12.89417 -24.66810
-12.84916 -24.63000
-12.81957 -24.60496
-12.75000 -24.54607
-12.74526 -24.54171
-12.74341 -24.54000
-12.67508 -24.47697
-12.64584 -24.45000
-12.60490 -24.41224
-12.54827 -24.36000
-12.53472 -24.34750
-12.50000 -24.31547
-12.46550 -24.28242
-12.45254 -24.27000
-12.39723 -24.21700
-12.35862 -24.18000
-12.32895 -24.15158
-12.26469 -24.09000
