-35.00000 -29.12027
-34.78316 -29.11806
-34.75000 -29.11772
-34.54449 -29.11398
-34.50000 -29.11317
-34.31343 -29.10717
-34.25000 -29.10512
-34.09383 -29.09622
-34.00000 -29.09087
-33.88936 -29.07983
-33.75000 -29.06592
-33.70142 -29.05749
-33.60067 -29.04000
-33.53275 -29.02821
-33.50000 -29.02252
-33.38944 -28.98980
-33.25499 -28.95000
-33.25225 -28.94919
-33.25000 -28.94852
-33.14506 -28.89778
-33.06695 -28.86000
-33.03838 -28.84618
-33.00000 -28.82762
-32.94685 -28.78913
-32.92043 -28.77000
-32.86384 -28.72902
-32.79616 -28.68000
-32.78083 -28.66890
-32.75000 -28.64657
-32.70597 -28.60585
-32.68884 -28.59000
-32.63593 -28.54106
-32.59154 -28.50000
-32.56590 -28.47628
-32.50000 -28.41532
-32.49607 -28.41142
-32.49465 -28.41000
-32.42963 -28.34533
-32.40416 -28.32000
-32.36319 -28.27925
-32.31367 -28.23000
-32.29675 -28.21317
-32.25000 -28.16667
-32.23038 -28.14706
-32.22331 -28.14000
-32.16418 -28.08089
-32.13328 -28.05000
-32.09799 -28.01472
-32.04324 -27.96000
-32.03179 -27.94855
-32.00000 -27.91677
-31.96558 -27.88239
-31.95317 -27.87000
-31.89934 -27.81624
-31.86306 -27.78000
-31.83311 -27.75008
-31.77295 -27.69000
-31.76687 -27.68393
-31.75000 -27.66707
-31.70037 -27.61787
-31.68234 -27.60000
-31.63377 -27.55184
-31.59156 -27.51000
-31.56717 -27.48582
-31.50078 -27.42000
-31.50057 -27.41979
-31.50000 -27.41922
-31.43138 -27.35470
-31.40510 -27.33000
-31.36216 -27.28962
-31.30938 -27.24000
-31.29294 -27.22454
-31.25000 -27.18417
-31.22163 -27.16021
-31.20955 -27.15000
-31.14693 -27.09710
-31.10301 -27.06000
-31.07223 -27.03400
-31.00000 -26.97297
-30.99745 -26.97092
-30.99631 -26.97000
-30.92023 -26.90872
-30.88459 -26.88000
-30.84302 -26.84651
-30.77287 -26.79000
-30.76581 -26.78431
-30.75000 -26.77157
-30.67190 -26.72812
-30.62136 -26.70000
-30.57369 -26.67347
-30.50000 -26.63247
-30.46249 -26.62350
-30.40604 -26.61000
-30.31229 -26.58757
-30.25000 -26.57267
-30.11542 -26.56845
-30.00000 -26.56482
-29.91462 -26.55074
-29.75000 -26.52357
-29.72872 -26.52766
-29.50000 -26.57157
-29.35068 -26.57375
-29.25000 -26.57522
-29.09391 -26.57619
-29.00000 -26.57677
-28.87566 -26.56476
-28.75000 -26.55262
-28.64161 -26.55902
-28.50000 -26.56737
-28.38198 -26.56249
-28.25000 -26.55702
-28.16830 -26.54941
-28.00000 -26.53372
-27.96715 -26.53183
-27.76255 -26.52000
-27.75174 -26.51937
-27.75000 -26.51927
-27.56471 -26.49671
-27.50000 -26.48882
-27.40585 -26.46389
-27.27785 -26.43000
-27.26180 -26.42575
-27.25000 -26.42262
-27.16498 -26.37061
-27.11495 -26.34000
-27.07237 -26.31395
-27.00000 -26.26967
-26.97572 -26.25874
-26.95632 -26.25000
-26.86467 -26.20872
-26.75650 -26.16000
-26.75361 -26.15870
-26.75000 -26.15707
-26.62176 -26.11617
-26.50000 -26.07732
-26.48726 -26.07459
-26.46593 -26.07000
-26.33074 -26.04093
-26.25000 -26.02357
-26.16045 -26.01224
-26.00000 -25.99192
-25.97180 -25.99015
-25.81012 -25.98000
-25.75893 -25.97679
-25.75000 -25.97622
-25.52685 -25.97033
-25.50000 -25.96962
-25.28480 -25.96747
-25.25000 -25.96712
-25.03777 -25.96640
-25.00000 -25.96627
-24.78883 -25.96602
-24.75000 -25.96597
-24.53919 -25.96589
-24.50000 -25.96587
-24.28935 -25.96583
-24.25000 -25.96582
-24.03938 -25.96582
-24.00000 -25.96582
-23.78938 -25.96582
-23.75000 -25.96582
-23.53938 -25.96582
-23.50000 -25.96582
-23.28938 -25.96582
-23.25000 -25.96582
-23.03938 -25.96582
-23.00000 -25.96582
-22.78938 -25.96582
-22.75000 -25.96582
-22.53938 -25.96582
-22.50000 -25.96582
-22.28938 -25.96582
-22.25000 -25.96582
-22.03938 -25.96582
-22.00000 -25.96582
-21.78949 -25.96578
-21.75000 -25.96577
-21.53952 -25.96577
-21.50000 -25.96577
-21.28963 -25.96573
-21.25000 -25.96572
-21.03977 -25.96568
-21.00000 -25.96567
-20.79072 -25.96534
-20.75000 -25.96527
-20.54160 -25.96502
-20.50000 -25.96497
-20.29266 -25.96464
-20.25000 -25.96457
-20.04445 -25.96400
-20.00000 -25.96387
-19.79760 -25.96286
-19.75000 -25.96262
-19.55297 -25.96093
-19.50000 -25.96047
-19.31237 -25.95755
-19.25000 -25.95657
-19.07833 -25.95180
-19.00000 -25.94962
-18.85422 -25.94248
-18.75000 -25.93737
-18.64402 -25.92815
-18.50000 -25.91562
-18.45009 -25.90797
-18.33296 -25.89000
-18.27479 -25.88108
-18.25000 -25.87727
-18.12707 -25.84426
-18.00000 -25.81012
-17.98764 -25.80445
-17.97795 -25.80000
-17.87778 -25.75400
-17.78196 -25.71000
-17.76791 -25.70355
-17.75000 -25.69532
-17.68018 -25.64514
-17.64521 -25.62000
-17.59675 -25.58517
-17.52000 -25.53000
-17.51333 -25.52520
-17.50000 -25.51562
-17.43292 -25.46415
-17.40145 -25.44000
-17.35309 -25.40289
-17.28417 -25.35000
-17.27326 -25.34163
-17.25000 -25.32377
-17.14552 -25.29761
-17.00000 -25.26117
-16.99684 -25.26114
-16.89515 -25.26000
-16.75438 -25.25842
-16.75000 -25.25837
-16.50479 -25.25828
-16.50000 -25.25827
-16.25520 -25.25813
-16.25000 -25.25812
-16.00602 -25.25783
-16.00000 -25.25782
-15.75753 -25.25729
-15.75000 -25.25727
-15.51024 -25.25632
-15.50000 -25.25627
-15.26479 -25.25467
-15.25000 -25.25457
-15.02277 -25.25180
-15.00000 -25.25152
-14.78636 -25.24691
-14.75000 -25.24612
-14.55883 -25.23882
-14.50000 -25.23657
-14.34416 -25.22610
-14.25000 -25.21977
-14.14556 -25.20760
-14.00000 -25.19062
-13.96309 -25.18329
-13.89626 -25.17000
-13.80203 -25.15127
-13.75000 -25.14092
-13.66137 -25.11191
-13.56391 -25.08000
-13.53044 -25.06904
-13.50000 -25.05907
-13.42018 -25.01873
-13.36333 -24.99000
-13.31618 -24.96617
-13.25000 -24.93272
-13.21913 -24.91111
-13.20326 -24.90000
-13.13424 -24.85167
-13.07473 -24.81000
-13.04935 -24.79223
-13.00000 -24.75767
-12.96877 -24.73124
-12.95549 -24.72000
-12.89417 -24.66810
-12.84916 -24.63000
-12.81957 -24.60496
-12.75000 -24.54607
-12.74526 -24.54171
-12.74341 -24.54000
-12.67508 -24.47697
-12.64584 -24.45000
-12.60490 -24.41224
-12.54827 -24.36000
-12.53472 -24.34750
-12.50000 -24.31547
-12.46550 -24.28242
-12.45254 -24.27000
-12.39723 -24.21700
-12.35862 -24.18000
-12.32895 -24.15158
-12.26469 -24.09000
