-35.00000 -28.88170
-34.94137 -28.88111
-34.75000 -28.87915
-34.69935 -28.87823
-34.50000 -28.87460
-34.46276 -28.87341
-34.25000 -28.86655
-34.23427 -28.86566
-34.13461 -28.86000
-34.01834 -28.85340
-34.00000 -28.85235
-33.82097 -28.83445
-33.75000 -28.82735
-33.64251 -28.80869
-33.50000 -28.78395
-33.47873 -28.77766
-33.45286 -28.77000
-33.34153 -28.73705
-33.25000 -28.70995
-33.21448 -28.69279
-33.18803 -28.68000
-33.10777 -28.64120
-33.00185 -28.59000
-33.00106 -28.58962
-33.00000 -28.58910
-32.91782 -28.52959
-32.87696 -28.50000
-32.83481 -28.46947
-32.75269 -28.41000
-32.75179 -28.40935
-32.75000 -28.40805
-32.68141 -28.34469
-32.65468 -28.32000
-32.61131 -28.27993
-32.55726 -28.23000
-32.54120 -28.21517
-32.50000 -28.17710
-32.47262 -28.14986
-32.46271 -28.14000
-32.40620 -28.08377
-32.37226 -28.05000
-32.33978 -28.01768
-32.28180 -27.96000
-32.27335 -27.95159
-32.25000 -27.92835
-32.20705 -27.88546
-32.19156 -27.87000
-32.14080 -27.81931
-32.10144 -27.78000
-32.07456 -27.75316
-32.01131 -27.69000
-32.00831 -27.68701
-32.00000 -27.67870
-31.94194 -27.62090
-31.92095 -27.60000
-31.87555 -27.55480
-31.83055 -27.51000
-31.80916 -27.48870
-31.75000 -27.42980
-31.74262 -27.42266
-31.73987 -27.42000
-31.67483 -27.35706
-31.64688 -27.33000
-31.60705 -27.29146
-31.55388 -27.24000
-31.53927 -27.22586
-31.50000 -27.18785
-31.46715 -27.16183
-31.45223 -27.15000
-31.38905 -27.09994
-31.33865 -27.06000
-31.31096 -27.03806
-31.25000 -26.98975
-31.22896 -26.97757
-31.21588 -26.97000
-31.13312 -26.92208
-31.06044 -26.88000
-31.03727 -26.86658
-31.00000 -26.84500
-30.94305 -26.81050
-30.90920 -26.79000
-30.84986 -26.75405
-30.76064 -26.70000
-30.75667 -26.69760
-30.75000 -26.69355
-30.62522 -26.65492
-30.50000 -26.61615
-30.48555 -26.61520
-30.40675 -26.61000
-30.27429 -26.60126
-30.25000 -26.59965
-30.01162 -26.61000
-30.00000 -26.61050
-29.99901 -26.61036
-29.99664 -26.61000
-29.82261 -26.58386
-29.75000 -26.57295
-29.57326 -26.61000
-29.50000 -26.62535
-29.45516 -26.62614
-29.25000 -26.62975
-29.19401 -26.63016
-29.00000 -26.63155
-28.95316 -26.62686
-28.78489 -26.61000
-28.75760 -26.60727
-28.75000 -26.60650
-28.69307 -26.61000
-28.50000 -26.62185
-28.47058 -26.62059
-28.25000 -26.61110
-28.24758 -26.61087
-28.23864 -26.61000
-28.05073 -26.59174
-28.00000 -26.58680
-27.84102 -26.57723
-27.75000 -26.57175
-27.64395 -26.55818
-27.50000 -26.53975
-27.46922 -26.53108
-27.42990 -26.52000
-27.32899 -26.49156
-27.25000 -26.46930
-27.21227 -26.44358
-27.19235 -26.43000
-27.12588 -26.38468
-27.06035 -26.34000
-27.03949 -26.32578
-27.00000 -26.29885
-26.94656 -26.26924
-26.91185 -26.25000
-26.84811 -26.21468
-26.75000 -26.16030
-26.74962 -26.16014
-26.74932 -26.16000
-26.63838 -26.11018
-26.54888 -26.07000
-26.52713 -26.06023
-26.50000 -26.04805
-26.40466 -26.01432
-26.30765 -25.98000
-26.27857 -25.96971
-26.25000 -25.95960
-26.13430 -25.93165
-26.00000 -25.89920
-25.98135 -25.89672
-25.93100 -25.89000
-25.79894 -25.87238
-25.75000 -25.86585
-25.59320 -25.85645
-25.50000 -25.85085
-25.36722 -25.84780
-25.25000 -25.84510
-25.12750 -25.84410
-25.00000 -25.84305
-24.88133 -25.84272
-24.75000 -25.84235
-24.63261 -25.84226
-24.50000 -25.84215
-24.38303 -25.84211
-24.25000 -25.84205
-24.13318 -25.84205
-24.00000 -25.84205
-23.88318 -25.84205
-23.75000 -25.84205
-23.63318 -25.84205
-23.50000 -25.84205
-23.38318 -25.84205
-23.25000 -25.84205
-23.13318 -25.84205
-23.00000 -25.84205
-22.88318 -25.84205
-22.75000 -25.84205
-22.63318 -25.84205
-22.50000 -25.84205
-22.38318 -25.84205
-22.25000 -25.84205
-22.13325 -25.84203
-22.00000 -25.84200
-21.88332 -25.84200
-21.75000 -25.84200
-21.63332 -25.84200
-21.50000 -25.84200
-21.38339 -25.84198
-21.25000 -25.84195
-21.13352 -25.84193
-21.00000 -25.84190
-20.88456 -25.84156
-20.75000 -25.84115
-20.63619 -25.84097
-20.50000 -25.84075
-20.38729 -25.84057
-20.25000 -25.84035
-20.13877 -25.84004
-20.00000 -25.83965
-19.89124 -25.83915
-19.75000 -25.83850
-19.64543 -25.83765
-19.50000 -25.83645
-19.40274 -25.83501
-19.25000 -25.83275
-19.16514 -25.83055
-19.00000 -25.82625
-18.93537 -25.82327
-18.75000 -25.81470
-18.71667 -25.81200
-18.56891 -25.80000
-18.51268 -25.79543
-18.50000 -25.79440
-18.33193 -25.77050
-18.25000 -25.75885
-18.16909 -25.73913
-18.04961 -25.71000
-18.02003 -25.70279
-18.00000 -25.69790
-17.89714 -25.65703
-17.80396 -25.62000
-17.77831 -25.60981
-17.75000 -25.59855
-17.67463 -25.55713
-17.62526 -25.53000
-17.57569 -25.50275
-17.50000 -25.46115
-17.47378 -25.44944
-17.45265 -25.44000
-17.36223 -25.39960
-17.25122 -25.35000
-17.25068 -25.34976
-17.25000 -25.34945
-17.05959 -25.32855
-17.00000 -25.32200
-16.82994 -25.32122
-16.75000 -25.32085
-16.58115 -25.32079
-16.50000 -25.32075
-16.33152 -25.32065
-16.25000 -25.32060
-16.08231 -25.32037
-16.00000 -25.32025
-15.83364 -25.31989
-15.75000 -25.31970
-15.58589 -25.31908
-15.50000 -25.31875
-15.33982 -25.31767
-15.25000 -25.31705
-15.09671 -25.31518
-15.00000 -25.31400
-14.85855 -25.31092
-14.75000 -25.30855
-14.62807 -25.30390
-14.50000 -25.29900
-14.40865 -25.29288
-14.25000 -25.28225
-14.20331 -25.27681
-14.05914 -25.26000
-14.01447 -25.25479
-14.00000 -25.25310
-13.85128 -25.22354
-13.75000 -25.20340
-13.70140 -25.18749
-13.64797 -25.17000
-13.57048 -25.14463
-13.50000 -25.12155
-13.45199 -25.09728
-13.41781 -25.08000
-13.34802 -25.04471
-13.25000 -24.99515
-13.24514 -24.99175
-13.24264 -24.99000
-13.16023 -24.93232
-13.11407 -24.90000
-13.07533 -24.87288
-13.00000 -24.82015
-12.99158 -24.81303
-12.98800 -24.81000
-12.91698 -24.74989
-12.88167 -24.72000
-12.84238 -24.68674
-12.77534 -24.63000
-12.76778 -24.62360
-12.75000 -24.60855
-12.69654 -24.55924
-12.67568 -24.54000
-12.62636 -24.49451
-12.57811 -24.45000
-12.55618 -24.42978
-12.50000 -24.37795
-12.48638 -24.36490
-12.48126 -24.36000
-12.41810 -24.29948
-12.38734 -24.27000
-12.34983 -24.23406
-12.29341 -24.18000
-12.28155 -24.16864
-12.25000 -24.13840
-12.21375 -24.10305
-12.20037 -24.09000
