-35.	-29.229132069499997
-34.97533206509995	-29.228880456564017
-34.75	-29.226582069499997
-34.73259632601798	-29.226265322633527
-34.5	-29.2220320695
-34.494818792707804	-29.221865234625188
-34.43689225155281	-29.22
-34.26534403493116	-29.214476147424783
-34.25	-29.2139820695
-34.04850751079655	-29.202537296113242
-34.	-29.1997820695
-33.848299848913044	-29.1846120543913
-33.75	-29.174782069499997
-33.66607558189655	-29.16021279051724
-33.5	-29.1313820695
-33.497893186737805	-29.13075845277439
-33.495330846283785	-29.13
-33.36069806478658	-29.090148696676827
-33.25	-29.0573820695
-33.22939047960636	-29.047419427341712
-33.21404205730244	-29.04
-33.12267954766422	-28.995835362840882
-33.02786084091849	-28.95
-33.01596861572208	-28.944251298340053
-33.	-28.9365320695
-32.92942450248986	-28.88540717910365
-32.89435109124793	-28.86
-32.84642929776835	-28.825285452803392
-32.77011034028161	-28.77
-32.76343409304685	-28.765163726503136
-32.75	-28.7554320695
-32.691298000389104	-28.70113271985992
-32.66845181675676	-28.68
-32.62125908988327	-28.636346727642024
-32.57115451945946	-28.59
-32.55122017937743	-28.571560735424125
-32.5	-28.5241820695
-32.48215081967818	-28.506425704915856
-32.47569152643747	-28.5
-32.4157203502362	-28.440340673914967
-32.38522108011661	-28.41
-32.34928988079422	-28.374255642914083
-32.294750633795736	-28.32
-32.28285941135223	-28.308170611913198
-32.25	-28.2754820695
-32.21655238307104	-28.242041142094426
-32.204508832266455	-28.23
-32.150366179217535	-28.17586817548169
-32.11449082866573	-28.14
-32.08417997536402	-28.109695208868953
-32.02447282506501	-28.05
-32.01799377151052	-28.043522242256216
-32.	-28.025532069500002
-31.95178629377575	-27.97735693424073
-31.934415462870298	-27.96
-31.885570872939965	-27.911194485741614
-31.84434340522418	-27.87
-31.81935545210418	-27.845032037242497
-31.75427134757806	-27.78
-31.753140031268394	-27.77886958874338
-31.75	-27.775732069500002
-31.686719759743134	-27.71278088649247
-31.663819793425816	-27.69
-31.62028929030115	-27.646695855491586
-31.573349347104944	-27.6
-31.55385882085917	-27.5806108244907
-31.5	-27.527032069500002
-31.487139784430685	-27.514629677604955
-31.482339206242223	-27.51
-31.419184483917245	-27.449093585789793
-31.38901693332642	-27.42
-31.351229183403806	-27.38355749397463
-31.295694660410618	-27.33
-31.283273882890366	-27.318021402159467
-31.25	-27.2859320695
-31.213632565716548	-27.25309227634204
-31.19913392081949	-27.24
-31.14237365835313	-27.18874548299287
-31.09946614673311	-27.15
-31.071114750989707	-27.124398689643705
-31.	-27.060182069499998
-30.99985156571009	-27.060053436344365
-30.999789903646434	-27.06
-30.92647801279961	-26.996467915392138
-30.89593576102008	-26.97
-30.853104459889124	-26.932882394439915
-30.792081618393723	-26.88
-30.779730906978642	-26.869296873487688
-30.75	-26.8435320695
-30.69773279681703	-26.80881619314587
-30.669403689400784	-26.79
-30.609859334602618	-26.750450639543057
-30.533902334387232	-26.7
-30.521985872388207	-26.692085085940246
-30.5	-26.677482069499998
-30.40465941014411	-26.64432261234812
-30.30597449827487	-26.61
-30.27750484670811	-26.60009825518508
-30.25	-26.5905320695
-30.093678923980498	-26.57627558736702
-30.	-26.5677320695
-29.911245687058386	-26.55195155265898
-29.75	-26.5232820695
-29.732182033116178	-26.526414468078176
-29.5	-26.5672320695
-29.364275662356324	-26.568860761551722
-29.25	-26.5702320695
-29.108341597574732	-26.570997024873094
-29.	-26.5715820695
-28.88623275363917	-26.5609562086899
-28.75	-26.5482320695
-28.656886314313986	-26.553520926846964
-28.5	-26.562432069499998
-28.393919826250002	-26.55818886255
-28.25	-26.5524320695
-28.177864614101424	-26.545968738923488
-28.	-26.5300320695
-27.97584961603274	-26.528694138228214
-27.818915712996397	-26.52
-27.759190973760234	-26.516691249446318
-27.75	-26.516182069499997
-27.56894523214286	-26.49517971642857
-27.5	-26.4871820695
-27.406228157592654	-26.463757863266643
-27.271088592874303	-26.43
-27.25863878402755	-26.42689003775008
-27.25	-26.4247320695
-27.157437110006555	-26.37332264039764
-27.097439557976234	-26.34
-27.059119434673367	-26.318717003517587
-27.	-26.2858820695
-26.951510716891892	-26.26745614191892
-26.90557350131579	-26.25
-26.82988909527027	-26.2212399257027
-26.75	-26.1908820695
-26.699173684167217	-26.178297473699804
-26.625274355815833	-26.16
-26.55104991853193	-26.141622029328506
-26.5	-26.1289820695
-26.385382686552664	-26.111262232841042
-26.25	-26.0903320695
-26.20439194818304	-26.086418898654106
-26.013029493006997	-26.07
-26.00250769515478	-26.06909722974428
-26.	-26.0688820695
-25.778459447906283	-26.059754598753738
-25.75	-26.058582069499998
-25.54155949734748	-26.055038580954907
-25.5	-26.0543320695
-25.297017833151283	-26.053073580065536
-25.25	-26.0527820695
-25.049166474889628	-26.052300069039735
-25.	-26.0521820695
-24.799827871602883	-26.05206196622296
-24.75	-26.0520320695
-24.550022016935035	-26.05199207390339
-24.5	-26.0519820695
-24.300160828706275	-26.05194210166574
-24.25	-26.0519320695
-24.050188695833334	-26.0519320695
-24.	-26.0519320695
-23.800188695833334	-26.0519320695
-23.75	-26.0519320695
-23.550188695833334	-26.0519320695
-23.5	-26.0519320695
-23.300188695833334	-26.0519320695
-23.25	-26.0519320695
-23.050188695833334	-26.0519320695
-23.	-26.0519320695
-22.800188695833334	-26.0519320695
-22.75	-26.0519320695
-22.550188695833334	-26.0519320695
-22.5	-26.0519320695
-22.300188695833334	-26.0519320695
-22.25	-26.0519320695
-22.050188695833334	-26.0519320695
-22.	-26.0519320695
-21.800299640477512	-26.051892129428097
-21.75	-26.0518820695
-21.550327584722222	-26.0518820695
-21.5	-26.0518820695
-21.300438452248752	-26.05184215719045
-21.25	-26.0518320695
-21.05057726401999	-26.051792184952802
-21.	-26.0517820695
-20.801267803156147	-26.051543590863787
-20.75	-26.0514820695
-20.551988727146814	-26.051284058227147
-20.5	-26.0512320695
-20.303117552515204	-26.050877681094526
-20.25	-26.050782069500002
-20.05490058020948	-26.050235791124585
-20.	-26.0500820695
-19.807994330136985	-26.049122041150685
-19.75	-26.0488320695
-19.56336206751627	-26.047189655694144
-19.5	-26.0466320695
-19.322692736828103	-26.043830614741882
-19.25	-26.0426820695
-19.08853150566718	-26.038128657959813
-19.	-26.0356320695
-18.864245804050757	-26.028871510541727
-18.75	-26.0231820695
-18.65369743644068	-26.014668922881356
-18.5	-26.0010820695
-18.45919072880372	-25.994691337630663
-18.365376312260537	-25.98
-18.28497470092915	-25.967409107665507
-18.25	-25.9619320695
-18.1368280844871	-25.930741889584645
-18.	-25.893032069500002
-17.996380914896157	-25.891302870637386
-17.99365410318125	-25.89
-17.888956708641683	-25.839975584888997
-17.805290771243197	-25.8
-17.781532502387204	-25.788648299140608
-17.75	-25.7735820695
-17.69422625482456	-25.730078548263158
-17.66848452628205	-25.71
-17.61527888640351	-25.668499600894737
-17.553099910897437	-25.62
-17.536331517982457	-25.606920653526316
-17.5	-25.5785820695
-17.46274381173313	-25.543412227776074
-17.44853594332627	-25.53
-17.393725406825155	-25.478258853542947
-17.353196960275422	-25.44
-17.32470700191718	-25.413105479309817
-17.257857977224575	-25.35
-17.255688597009204	-25.34795210507669
-17.25	-25.3425820695
-17.13684287544533	-25.300736564839685
-17.026684506489996	-25.26
-17.013521417511647	-25.25513228969581
-17.	-25.2501320695
-16.78778583289195	-25.2463971001589
-16.75	-25.2457320695
-16.539866621809104	-25.245648016148724
-16.5	-25.2456320695
-16.290260483915695	-25.24550622579035
-16.25	-25.2454820695
-16.041139818760378	-25.245189665246265
-16.	-25.245132069500002
-15.7925674503037	-25.24467571789067
-15.75	-25.2445820695
-15.544991562671798	-25.243803037438155
-15.5	-25.243632069500002
-15.299258261995638	-25.24226702568157
-15.25	-25.241932069500002
-15.056738126007524	-25.23957427463729
-15.	-25.2388820695
-14.81958598873756	-25.23494904405448
-14.75	-25.2334320695
-14.590702989703667	-25.22734692370668
-14.5	-25.2238820695
-14.373812483606558	-25.21542750590164
-14.25	-25.207132069500002
-14.172089656945028	-25.19804772349979
-14.	-25.1779820695
-13.9857156952398	-25.175142349713674
-13.95984874496982	-25.17
-13.824656282211883	-25.143123738403723
-13.75	-25.1282820695
-13.67976131873727	-25.10528592525458
-13.602528804215028	-25.08
-13.548833183735816	-25.062420053855103
-13.5	-25.0464320695
-13.434805834681146	-25.013469899514785
-13.388385938488925	-24.99
-13.330831712684843	-24.960900583433457
-13.25	-24.9200320695
-13.231101821226416	-24.90680334435849
-13.221382757857143	-24.9
-13.146196160849057	-24.84736938209434
-13.092811329285714	-24.81
-13.061290500471697	-24.787935419830188
-13.	-24.7450320695
-12.979250605520557	-24.727469782012598
-12.970425248700378	-24.72
-12.904648483504642	-24.664326545938327
-12.864092545486768	-24.63
-12.830046361488726	-24.60118330986406
-12.757759842273158	-24.54
-12.755444239472812	-24.538040073789787
-12.75	-24.533432069499998
-12.684940681924516	-24.473421354507174
-12.659548927254987	-24.45
-12.614759771132253	-24.408686482392387
-12.561977374783174	-24.36
-12.544578860339987	-24.343951610277603
-12.5	-24.3028320695
-12.475093256334397	-24.278966427719617
-12.465735682007931	-24.27
-12.40681833598847	-24.21354539904415
-12.371809570548946	-24.18
-12.338543415642542	-24.148124370368684
-12.27788345908996	-24.09