-35.	-27.950704370500002
-34.94557892502659	-27.950475801985114
-34.75	-27.949654370500003
-34.69775480884426	-27.94925730704722
-34.5	-27.9477543705
-34.45159684251831	-27.947105768189747
-34.25	-27.944404370500003
-34.208211694349316	-27.943401451164384
-34.	-27.938404370500002
-33.96943810943208	-27.937114658718034
-33.75	-27.9278543705
-33.73762311613615	-27.92693105496376
-33.64471353217158	-27.92
-33.51701170737472	-27.910473443870156
-33.5	-27.909204370500003
-33.312801549550855	-27.884831132251524
-33.25	-27.876654370500002
-33.12684203555046	-27.848968460091744
-33.	-27.820454370500002
-32.956807206384795	-27.804187964424514
-32.89258000398301	-27.78
-32.80733037529362	-27.747894989835576
-32.75	-27.7263043705
-32.67503094987839	-27.681982668068102
-32.60401831782814	-27.64
-32.553418719162615	-27.61008551726894
-32.5	-27.5785043705
-32.44371639625753	-27.531518818095783
-32.405960265333015	-27.5
-32.34334358295096	-27.447727593547462
-32.25	-27.3698043705
-32.2435969367163	-27.36358571543887
-32.23990489034185	-27.36
-32.1521653797675	-27.274787387330196
-32.09575332526771	-27.22
-32.060733822818705	-27.185989059221523
-32.	-27.1270043705
-31.969658939775368	-27.096990993725793
-31.952482439850385	-27.08
-31.879289716950684	-27.007597758507618
-31.810953931965223	-26.94
-31.788920494126	-26.91820452328944
-31.75	-26.8797043705
-31.696471208529214	-26.82997612322364
-31.664204122174382	-26.8
-31.602448374412358	-26.74262891032908
-31.51350444510226	-26.66
-31.5084255402955	-26.65528169743452
-31.5	-26.6474543705
-31.390182344907807	-26.58149788685163
-31.28778826090576	-26.52
-31.26955508314665	-26.509049153437875
-31.25	-26.4973043705
-31.12301973316735	-26.45110894942628
-31.	-26.4063543705
-30.975165500848096	-26.393907319525066
-30.947417457102954	-26.38
-30.843239379476064	-26.327785947493403
-30.75	-26.281054370499998
-30.697366191666667	-26.269474932666665
-30.563389225	-26.24
-30.51787901217949	-26.229987753179486
-30.5	-26.226054370499998
-30.28303894922547	-26.221498188433735
-30.25	-26.220804370499998
-30.00887351197605	-26.23503083329341
-30.	-26.235554370499997
-29.808051018833194	-26.207491429453412
-29.75	-26.1990043705
-29.556624389150944	-26.24
-29.5	-26.2520043705
-29.47785171494465	-26.252403039630995
-29.25	-26.2565043705
-29.220144047575978	-26.256719333357452
-29.	-26.2583043705
-28.972274506967587	-26.255526276098152
-28.817321651696606	-26.24
-28.760217554528932	-26.234278169463796
-28.75	-26.2332543705
-28.640493027597405	-26.24
-28.5	-26.2486543705
-28.485652568799733	-26.248034561472146
-28.29966734953704	-26.24
-28.253557078083556	-26.238008036273207
-28.25	-26.2378543705
-28.04023985012173	-26.21746568393183
-28.	-26.2135543705
-27.8170248622301	-26.202466077151144
-27.75	-26.1984043705
-27.606970391715116	-26.180096580639535
-27.5	-26.1664043705
-27.421209811936404	-26.144122505315615
-27.26518963755304	-26.1
-27.25509685512577	-26.09714576112957
-27.25	-26.095704370500002
-27.141018012769035	-26.021029912849343
-27.051949254962054	-25.96
-27.0285862748956	-25.943991686058464
-27.	-25.9244043705
-26.906765162975532	-25.872211508733702
-26.813497015898534	-25.82
-26.781742837560277	-25.802224010966246
-26.75	-25.7844543705
-26.647332051798703	-25.737494050992726
-26.521634520113686	-25.68
-26.50972639030863	-25.674553221427168
-26.5	-25.6701043705
-26.35919440422078	-25.618851133636362
-26.25	-25.579104370499998
-26.201806297140745	-25.56698847360118
-26.094453577963403	-25.54
-26.029265010475722	-25.523611594133595
-26.	-25.5162543705
-25.834017175185608	-25.49295038189606
-25.75	-25.4811543705
-25.61981974574912	-25.472900942380495
-25.5	-25.4653043705
-25.38829221604516	-25.46255635901471
-25.25	-25.4591543705
-25.145964877769963	-25.45825966844882
-25.	-25.457004370499998
-24.89874889786856	-25.456700617193604
-24.75	-25.456254370499998
-24.64972482976827	-25.45615409532977
-24.5	-25.4560043705
-24.400027899857193	-25.45598437607997
-24.25	-25.4559543705
-24.15011715369511	-25.45593439393074
-24.	-25.4559043705
-23.900170766964287	-25.4559043705
-23.75	-25.4559043705
-23.650170766964287	-25.4559043705
-23.5	-25.4559043705
-23.400170766964287	-25.4559043705
-23.25	-25.4559043705
-23.150170766964287	-25.4559043705
-23.	-25.4559043705
-22.900170766964287	-25.4559043705
-22.75	-25.4559043705
-22.650170766964287	-25.4559043705
-22.5	-25.4559043705
-22.400170766964287	-25.4559043705
-22.25	-25.4559043705
-22.150170766964287	-25.4559043705
-22.	-25.4559043705
-21.900170766964287	-25.4559043705
-21.75	-25.4559043705
-21.650206407533023	-25.455884411781504
-21.5	-25.4558543705
-21.40029566137094	-25.455834429632272
-21.25	-25.455804370499997
-21.150384915208853	-25.45578444748304
-21.	-25.4557543705
-20.900686906840043	-25.455615332169575
-20.75	-25.4554043705
-20.651275177298647	-25.455285900712756
-20.5	-25.4551043705
-20.401879682158118	-25.454947377991452
-20.25	-25.4547043705
-20.152799625977256	-25.454432209452737
-20.	-25.454004370499998
-19.90441704336283	-25.453526455716812
-19.75	-25.4527543705
-19.657253216420536	-25.4519381988045
-19.5	-25.4505543705
-19.4121710033009	-25.449184238151492
-19.25	-25.4466543705
-19.170628835488262	-25.444447852126572
-19.	-25.4397043705
-18.934825393138542	-25.436497779842416
-18.75	-25.4274043705
-18.707657029511743	-25.423712063473424
-18.5	-25.4056043705
-18.49215074159664	-25.40439558470588
-18.46360798376623	-25.4
-18.29607231022409	-25.374199506274508
-18.25	-25.367104370499998
-18.12089637114272	-25.33229803216008
-18.	-25.299704370500002
-17.961157923596165	-25.281751562786148
-17.914096991562094	-25.26
-17.82419842447662	-25.218448882293096
-17.75	-25.1841543705
-17.700206170055882	-25.147884544768708
-17.661924257962657	-25.12
-17.591544263815585	-25.068735212263274
-17.5	-25.0020543705
-17.48368276820065	-24.989137649807635
-17.472139501642243	-24.98
-17.380101827093814	-24.907142976827465
-17.29528250315816	-24.84
-17.27652088598698	-24.825148303847293
-17.25	-24.8041543705
-17.123691037472714	-24.770733019015278
-17.	-24.7380043705
-16.933558792832166	-24.737207076013984
-16.75	-24.7350043705
-16.6875368120985	-24.73497938522484
-16.5	-24.7349043705
-16.43773747681056	-24.734867012986086
-16.25	-24.7347543705
-16.188093390630566	-24.73466770124688
-16.	-24.7344043705
-15.938782258896797	-24.734281935017794
-15.75	-24.7339043705
-15.689885867907801	-24.733663913971633
-15.5	-24.7329043705
-15.441947123323924	-24.732509610938603
-15.25	-24.7312043705
-15.19546597256204	-24.730539055365256
-15.	-24.7281543705
-14.951608163458232	-24.72709942846339
-14.75	-24.7227043705
-14.71204551905717	-24.721254509327984
-14.5	-24.7131543705
-14.47902014274322	-24.711748720063795
-14.30366611194029	-24.7
-14.25573465629984	-24.69678859247209
-14.25	-24.696404370499998
-14.048397324120604	-24.67289749849246
-14.	-24.6672543705
-13.858652648260412	-24.63915451697417
-13.75	-24.6175543705
-13.685142697205318	-24.59632008956502
-13.574207787110568	-24.56
-13.52737844207798	-24.54466807243633
-13.5	-24.5357043705
-13.391418571227478	-24.480805600112614
-13.271154330498417	-24.42
-13.260037189846097	-24.41437917368619
-13.25	-24.409304370500003
-13.147377483730159	-24.337468609111113
-13.065279470714286	-24.28
-13.036266372619048	-24.259690831333334
-13.	-24.234304370500002
-12.93294626670933	-24.177550090642775
-12.888581792887523	-24.14
-12.833401329280433	-24.093295255602957
-12.75	-24.0227043705
-12.734684045804102	-24.008576934349705
-12.725385548026885	-24.