-35.	-28.99875098
-34.86831177741761	-28.997407760129658
-34.75	-28.996200979999998
-34.627839820200954	-28.993977664727655
-34.5	-28.99165098
-34.39380168281489	-28.988231394186638
-34.25	-28.98360098
-34.169383445297505	-28.979021959692897
-34.	-28.96940098
-33.957823956521736	-28.965183375652174
-33.8059902	-28.95
-33.762171782608696	-28.945618158260867
-33.75	-28.944400979999998
-33.59182724887556	-28.916942190404797
-33.5	-28.90100098
-33.43749850609756	-28.882500537804876
-33.36148317567567	-28.86
-33.30030338414634	-28.841890781707317
-33.25	-28.82700098
-33.18243127074443	-28.794324742532005
-33.13213196856906	-28.77
-33.075745637743005	-28.742731570412516
-33.	-28.70610098
-32.97592604685482	-28.688666623132264
-32.963958878762774	-28.68
-32.89291553218963	-28.628550408411733
-32.83968381662524	-28.59
-32.80990501752444	-28.5684341936912
-32.75	-28.52505098
-32.73050507392996	-28.507018173385212
-32.72291785945946	-28.5
-32.660466163424125	-28.442232181167316
-32.62562056216216	-28.41
-32.59042725291829	-28.377446188949417
-32.528323264864866	-28.32
-32.52038834241245	-28.312660196731517
-32.5	-28.29380098
-32.452900501993206	-28.246955819282444
-32.43585262417052	-28.23
-32.386460224420496	-28.180874319208623
-32.34536398552182	-28.14
-32.32001994684778	-28.114792819134802
-32.25487534687311	-28.05
-32.25357966927506	-28.048711319060978
-32.25	-28.045150980000003
-32.18737056487202	-27.982546596646074
-32.16481494597839	-27.96
-32.121174624889676	-27.916377135039717
-32.07477893157263	-27.87
-32.054978684907326	-27.850207673433363
-32.	-27.795250980000002
-31.988776140712393	-27.78404058934354
-31.984730696836202	-27.78
-31.922541227553722	-27.717885158080662
-31.894622567080496	-27.69
-31.856306314395056	-27.65172972681778
-31.80451443732479	-27.6
-31.790071401236386	-27.585574295554903
-31.75	-27.54555098
-31.723693221844012	-27.519470440136157
-31.714140629412952	-27.51
-31.657095619357705	-27.45344557703123
-31.623359915271333	-27.42
-31.590498016871393	-27.3874207139263
-31.532579201129714	-27.33
-31.523900414385082	-27.321395850821368
-31.5	-27.29770098
-31.455621458237193	-27.25597627503461
-31.43862903637524	-27.24
-31.386401338255652	-27.190895518227965
-31.34290472239949	-27.15
-31.31718121827411	-27.125814761421317
-31.25	-27.06265098
-31.247799651394423	-27.060792125498008
-31.24686200284091	-27.06
-31.1730984561753	-26.997684555776893
-31.140327911931816	-26.97
-31.098397260956176	-26.934576986055777
-31.033793821022726	-26.88
-31.023696065737052	-26.871469416334662
-31.	-26.85145098
-30.94727952985587	-26.808979369251887
-30.923720233366435	-26.79
-30.870066077556622	-26.746776212079617
-30.8120022591857	-26.7
-30.792852625257378	-26.684573054907343
-30.75	-26.65005098
-30.706295307725885	-26.62573368921868
-30.678017649173256	-26.61
-30.608084919249237	-26.571089429070273
-30.516263515456505	-26.52
-30.50987453077259	-26.51644516892187
-30.5	-26.51095098
-30.364901568758345	-26.478635435246996
-30.25	-26.45115098
-30.19596070516096	-26.449454146142052
-30.	-26.44330098
-29.9746648	-26.439120672
-29.919387999999998	-26.43
-29.80323622857143	-26.410834957714286
-29.75	-26.40205098
-29.6044321875	-26.43
-29.5	-26.45005098
-29.44194852345107	-26.450898531557613
-29.25	-26.45370098
-29.183010231769362	-26.45411631656303
-29.	-26.45525098
-28.944697809899257	-26.449908788436268
-28.75	-26.43110098
-28.746342259136213	-26.431316786710962
-28.5	-26.44585098
-28.46051076233184	-26.444216125560537
-28.25	-26.43550098
-28.237861915269196	-26.434369710503088
-28.19097660944206	-26.43
-28.039274095322153	-26.415861325684023
-28.	-26.41220098
-27.8271876974629	-26.402212428913355
-27.75	-26.397750979999998
-27.630085174418607	-26.383169337209303
-27.5	-26.36735098
-27.456238432	-26.35575416448
-27.39678875471698	-26.34
-27.312238432	-26.31759416448
-27.25	-26.30110098
-27.197416155587568	-26.268930183988473
-27.16647437070938	-26.25
-27.104804507100226	-26.212270377443918
-27.019367473030403	-26.16
-27.012192858612885	-26.155610570899363
-27.	-26.14815098
-26.903564930898323	-26.104716624876605
-26.826485390763764	-26.07
-26.792508662388943	-26.054696881539982
-26.75	-26.03555098
-26.66818706921944	-26.009452655081002
-26.575858996865204	-25.98
-26.535639204712812	-25.967169886303388
-26.5	-25.95580098
-26.38556351304348	-25.931197135304348
-26.25	-25.90205098
-26.225234319769832	-25.898915644882862
-26.15481058451817	-25.89
-26.040277476366626	-25.875500108508014
-26.	-25.87040098
-25.833488694418165	-25.859944070009462
-25.75	-25.85470098
-25.608434316770186	-25.850963645962732
-25.5	-25.84810098
-25.36999735135135	-25.846800953513515
-25.25	-25.84560098
-25.12451574023115	-25.845174333516788
-25.	-25.84475098
-24.876104706533777	-25.84460230564784
-24.75	-25.84445098
-24.626662097669257	-25.844401644839067
-24.5	-25.84435098
-24.376871238200998	-25.84432635424764
-24.25	-25.84430098
-24.12694172222222	-25.84430098
-24.	-25.84430098
-23.87694172222222	-25.84430098
-23.75	-25.84430098
-23.62694172222222	-25.84430098
-23.5	-25.84430098
-23.37694172222222	-25.84430098
-23.25	-25.84430098
-23.12694172222222	-25.84430098
-23.	-25.84430098
-22.87694172222222	-25.84430098
-22.75	-25.84430098
-22.62694172222222	-25.84430098
-22.5	-25.84430098
-22.37694172222222	-25.84430098
-22.25	-25.84430098
-22.12694172222222	-25.84430098
-22.	-25.84430098
-21.87694172222222	-25.84430098
-21.75	-25.84430098
-21.627010049972238	-25.844276382009994
-21.5	-25.84425098
-21.377148861743475	-25.84422640977235
-21.25	-25.84420098
-21.127287673514715	-25.844176437534703
-21.	-25.844150980000002
-20.877901050884955	-25.843955621681417
-20.75	-25.84375098
-20.628873255813954	-25.843605627906978
-20.5	-25.84345098
-20.37983689159292	-25.84325871902655
-20.25	-25.84305098
-20.131336879823593	-25.842718723263506
-20.	-25.84235098
-19.88396991780822	-25.84177082958904
-19.75	-25.84110098
-19.638494357026588	-25.840142031470428
-19.5	-25.83895098
-19.39629664536741	-25.837333207667733
-19.25	-25.835050980000002
-19.15956919504644	-25.832555089783284
-19.	-25.82815098
-18.931204838709675	-25.824766258064518
-18.75	-25.81585098
-18.714523321396598	-25.812771604297225
-18.567385023041478	-25.8
-18.51309091316025	-25.79528727126231
-18.5	-25.79415098
-18.336154633956387	-25.7689843317757
-18.25	-25.755750980000002
-18.17721765828826	-25.736201643016226
-18.079668726731196	-25.71
-18.034042348075086	-25.69774475469297
-18.	-25.68860098
-17.916258569335938	-25.650146915039063
-17.85060762195122	-25.62
-17.806395288085938	-25.599697696289063
-17.75	-25.57380098
-17.70939842417501	-25.544616567297
-17.689063745130774	-25.53
-17.625972395253985	-25.484649937708568
-17.563855063995547	-25.44
-17.542546366332964	-25.424683308120134
-17.5	-25.39410098
-17.46087563875089	-25.364084770049683
-17.44251697080292	-25.35
-17.381031777856634	-25.302828559971612
-17.32520727320125	-25.26
-17.301187916962384	-25.24157234989354
-17.25	-25.20230098
-17.19709960694399	-25.189044141500165
-17.12110542697526	-25.17
-17.04970360301343	-25.152106702915166
-17.	-25.13965098
-16.839302316810343	-25.137851165948277
-16.75	-25.136850980000002
-16.59225588235294	-25.13678788235294
-16.5	-25.136750980000002
-16.342620687742652	-25.136656552412646
-16.25	-25.13660098
-16.093297397563678	-25.136412936877075
-16.	-25.13630098
-15.844558310325786	-25.13595900828272
-15.75	-25.13575098
-15.596837967032968	-25.13513833186813
-15.5	-25.13475098
-15.350733424209379	-25.133735967284625
-15.25	-25.13305098
-15.107466469639977	-25.131312070929607
-15.	-25.130000980000002
-14.868970178197065	-25.127170735849056
-14.75	-25.12460098
-14.637993520843796	-25.120322332496233
-14.5	-25.11505098
-14.417951825842696	-25.10953734269663
-14.25	-25.09825098
-14.211705874947544	-25.09378588501888
-14.09347358490566	-25.08
-14.022868275283257	-25.071767420898027
-14.	-25.069100979999998
-13.858444917680744	-25.04095982963493
-13.75	-25.01940098
-13.707228716904277	-25.005397661914458
-13.660198594990836	-24.99
-13.576300581902823	-24.962531790514983
-13.5	-24.937550979999997
-13.456608527848394	-24.915620929974576
-13.42570047487139	-24.9
-13.352610376704414	-24.86306026438641
-13.25	-24.81120098
-13.248867213733257	-24.810407803056027
-13.248284804341617	-24.81
-13.16397757026976	-24.750968074702886
-13.119750099971437	-24.72
-13.079087926806263	-24.691528346349745
-13.	-24.63615098
-12.994901375994695	-24.63183550464191
-12.992732774102079	-24.63
-12.92029925397878	-24.568692268567638
-12.886400070888469	-24.54
-12.845697131962865	-24.505549032493366
-12.780067367674858	-24.45
-12.771095009946949	-24.4424057964191
-12.75	-24.42455098
-12.699663927011853	-24.378120986275732
-12.6800184518647	-24.36
-12.629483016219588	-24.31338611416095
-12.582446899392888	-24.27
-12.559302105427324	-24.24865124204616
-12.5	-24.19395098
-12.48941664390836	-24.18381000819299
-12.485440429972867	-24.18
-12.421141723562434	-24.118388979517523
-12.39151431851388	-24.09