-35.00000 -29.61414
-34.90778 -29.61320
-34.75000 -29.61159
-34.66648 -29.61007
-34.50000 -29.60704
-34.43106 -29.60482
-34.25000 -29.59899
-34.20444 -29.59640
-34.00000 -29.58479
-33.98959 -29.58375
-33.95212 -29.58000
-33.79394 -29.56418
-33.75000 -29.55979
-33.61921 -29.53708
-33.50000 -29.51639
-33.45976 -29.50449
-33.41079 -29.49000
-33.32252 -29.46389
-33.25000 -29.44244
-33.19969 -29.41811
-33.16225 -29.40000
-33.09301 -29.36652
-33.00000 -29.32154
-32.98936 -29.31383
-32.98407 -29.31000
-32.90636 -29.25371
-32.85983 -29.22000
-32.82337 -29.19359
-32.75000 -29.14044
-32.74188 -29.13292
-32.73872 -29.13000
-32.67184 -29.06814
-32.64142 -29.04000
-32.60180 -29.00335
-32.54412 -28.95000
-32.53176 -28.93857
-32.50000 -28.90919
-32.46369 -28.87307
-32.45055 -28.86000
-32.39726 -28.80699
-32.36008 -28.77000
-32.33083 -28.74090
-32.26961 -28.68000
-32.26440 -28.67482
-32.25000 -28.66049
-32.19816 -28.60866
-32.17948 -28.59000
-32.13196 -28.54249
-32.08945 -28.50000
-32.06576 -28.47633
-32.00000 -28.41059
-31.99957 -28.41016
-31.99941 -28.41000
-31.93335 -28.34399
-31.90934 -28.32000
-31.86714 -28.27783
-31.81927 -28.23000
-31.80092 -28.21167
-31.75000 -28.16079
-31.73466 -28.14552
-31.72911 -28.14000
-31.66824 -28.07943
-31.63866 -28.05000
-31.60182 -28.01335
-31.54820 -27.96000
-31.53540 -27.94726
-31.50000 -27.91204
-31.46826 -27.88143
-31.45641 -27.87000
-31.40030 -27.81589
-31.36309 -27.78000
-31.33235 -27.75035
-31.26977 -27.69000
-31.26439 -27.68482
-31.25000 -27.67094
-31.19382 -27.62022
-31.17142 -27.60000
-31.12255 -27.55588
-31.07173 -27.51000
-31.05128 -27.49154
-31.00000 -27.44524
-30.97942 -27.42741
-30.97088 -27.42000
-30.90605 -27.36382
-30.86702 -27.33000
-30.83268 -27.30024
-30.76317 -27.24000
-30.75930 -27.23665
-30.75000 -27.22859
-30.67328 -27.17762
-30.63172 -27.15000
-30.58543 -27.11925
-30.50000 -27.06249
-30.49648 -27.06127
-30.49285 -27.06000
-30.36933 -27.01704
-30.25000 -26.97554
-30.23773 -26.97442
-30.18927 -26.97000
-30.03826 -26.95623
-30.00000 -26.95274
-29.86470 -26.92871
-29.75000 -26.90834
-29.59632 -26.93532
-29.50000 -26.95224
-29.29242 -26.95473
-29.25000 -26.95524
-29.03782 -26.95638
-29.00000 -26.95659
-28.83108 -26.94081
-28.75000 -26.93324
-28.57441 -26.94321
-28.50000 -26.94744
-28.33140 -26.94069
-28.25000 -26.93744
-28.12225 -26.92599
-28.00000 -26.91504
-27.91565 -26.91037
-27.75000 -26.90119
-27.70549 -26.89602
-27.56734 -26.88000
-27.51641 -26.87409
-27.50000 -26.87219
-27.36522 -26.83852
-27.25000 -26.80974
-27.22844 -26.79776
-27.21446 -26.79000
-27.13012 -26.74316
-27.05242 -26.70000
-27.03180 -26.68855
-27.00000 -26.67089
-26.91772 -26.63962
-26.83977 -26.61000
-26.79610 -26.59341
-26.75000 -26.57589
-26.65802 -26.55311
-26.52428 -26.52000
-26.50989 -26.51644
-26.50000 -26.51399
-26.33679 -26.48876
-26.25000 -26.47534
-26.14830 -26.46661
-26.00000 -26.45389
-25.94043 -26.45145
-25.75000 -26.44364
-25.71382 -26.44302
-25.50000 -26.43939
-25.47438 -26.43922
-25.25000 -26.43779
-25.22850 -26.43774
-25.00000 -26.43724
-24.97994 -26.43722
-24.75000 -26.43704
-24.73046 -26.43703
-24.50000 -26.43699
-24.48060 -26.43698
-24.25000 -26.43694
-24.23073 -26.43694
-24.00000 -26.43694
-23.98073 -26.43694
-23.75000 -26.43694
-23.73073 -26.43694
-23.50000 -26.43694
-23.48073 -26.43694
-23.25000 -26.43694
-23.23073 -26.43694
-23.00000 -26.43694
-22.98073 -26.43694
-22.75000 -26.43694
-22.73073 -26.43694
-22.50000 -26.43694
-22.48073 -26.43694
-22.25000 -26.43694
-22.23073 -26.43694
-22.00000 -26.43694
-21.98073 -26.43694
-21.75000 -26.43694
-21.73074 -26.43693
-21.50000 -26.43689
-21.48088 -26.43688
-21.25000 -26.43684
-21.23102 -26.43683
-21.00000 -26.43679
-20.98121 -26.43677
-20.75000 -26.43649
-20.73203 -26.43647
-20.50000 -26.43624
-20.48275 -26.43621
-20.25000 -26.43584
-20.23392 -26.43579
-20.00000 -26.43509
-19.98606 -26.43502
-19.75000 -26.43384
-19.73959 -26.43375
-19.50000 -26.43164
-19.49564 -26.43157
-19.39632 -26.43000
-19.25615 -26.42779
-19.25000 -26.42769
-19.02400 -26.42136
-19.00000 -26.42069
-18.80320 -26.41085
-18.75000 -26.40819
-18.59793 -26.39475
-18.50000 -26.38609
-18.41079 -26.37212
-18.25000 -26.34694
-18.23908 -26.34393
-18.22483 -26.34000
-18.09749 -26.30491
-18.00000 -26.27804
-17.96653 -26.26205
-17.94132 -26.25000
-17.85911 -26.21072
-17.75295 -26.16000
-17.75169 -26.15939
-17.75000 -26.15859
-17.67229 -26.09798
-17.63643 -26.07000
-17.59334 -26.03640
-17.52104 -25.98000
-17.51440 -25.97482
-17.50000 -25.96359
-17.44356 -25.91032
-17.42203 -25.89000
-17.37453 -25.84517
-17.32667 -25.80000
-17.30550 -25.78002
-17.25000 -25.72764
-17.22583 -25.71870
-17.20230 -25.71000
-17.10251 -25.67310
-17.00000 -25.63519
-16.95980 -25.63447
-16.75000 -25.63074
-16.72020 -25.63073
-16.50000 -25.63064
-16.47050 -25.63062
-16.25000 -25.63049
-16.22096 -25.63045
-16.00000 -25.63019
-15.97187 -25.63013
-15.75000 -25.62964
-15.72352 -25.62953
-15.50000 -25.62864
-15.47645 -25.62848
-15.25000 -25.62694
-15.23136 -25.62671
-15.00000 -25.62389
-14.98981 -25.62367
-14.81999 -25.62000
-14.75396 -25.61857
-14.75000 -25.61849
-14.52778 -25.61000
-14.50000 -25.60894
-14.31522 -25.59652
-14.25000 -25.59214
-14.11962 -25.57694
-14.00000 -25.56299
-13.94097 -25.55125
-13.83406 -25.53000
-13.77991 -25.51923
-13.75000 -25.51329
-13.64338 -25.47838
-13.52615 -25.44000
-13.51246 -25.43552
-13.50000 -25.43144
-13.40590 -25.38388
-13.33886 -25.35000
-13.30190 -25.33132
-13.25000 -25.30509
-13.20747 -25.27531
-13.18561 -25.26000
-13.12258 -25.21587
-13.05707 -25.17000
-13.03769 -25.15643
-13.00000 -25.13004
-12.95852 -25.09493
-12.94088 -25.08000
-12.88392 -25.03179
-12.83455 -24.99000
-12.80932 -24.96865
-12.75000 -24.91844
-12.73562 -24.90518
-12.73001 -24.90000
-12.66544 -24.84044
-12.63244 -24.81000
-12.59526 -24.77571
-12.53487 -24.72000
-12.52508 -24.71097
-12.50000 -24.68784
-12.45612 -24.64580
-12.43964 -24.63000
-12.38785 -24.58037
-12.34571 -24.54000
-12.31957 -24.51495
-12.25179 -24.45000
-12.25130 -24.44953
-12.25000 -24.44829
-12.18389 -24.38380
-12.15949 -24.36000
-12.11649 -24.31806
-12.06722 -24.27000
-12.04910 -24.25233
-12.00000 -24.20444
-11.98180 -24.18655
-11.97514 -24.18000
-11.91479 -24.12068
-11.88358 -24.09000
