-35.00000 -29.63140
-34.86116 -29.62998
-34.75000 -29.62885
-34.62084 -29.62650
-34.50000 -29.62430
-34.38705 -29.62066
-34.25000 -29.61625
-34.16303 -29.61131
-34.00000 -29.60205
-33.95207 -29.59725
-33.77952 -29.58000
-33.75642 -29.57769
-33.75000 -29.57705
-33.58687 -29.54873
-33.50000 -29.53365
-33.43344 -29.51396
-33.35244 -29.49000
-33.29621 -29.47337
-33.25000 -29.45970
-33.17923 -29.42548
-33.12656 -29.40000
-33.07255 -29.37388
-33.00000 -29.33880
-32.97344 -29.31956
-32.96025 -29.31000
-32.89045 -29.25944
-32.83601 -29.22000
-32.80745 -29.19932
-32.75000 -29.15770
-32.72844 -29.13776
-32.72005 -29.13000
-32.65839 -29.07298
-32.62273 -29.04000
-32.58834 -29.00820
-32.52541 -28.95000
-32.51829 -28.94341
-32.50000 -28.92650
-32.45092 -28.87767
-32.43315 -28.86000
-32.38449 -28.81158
-32.34268 -28.77000
-32.31806 -28.74550
-32.25221 -28.68000
-32.25163 -28.67941
-32.25000 -28.67780
-32.18542 -28.61325
-32.16217 -28.59000
-32.11923 -28.54708
-32.07213 -28.50000
-32.05303 -28.48091
-32.00000 -28.42790
-31.98683 -28.41474
-31.98208 -28.41000
-31.92059 -28.34859
-31.89197 -28.32000
-31.85436 -28.28243
-31.80186 -28.23000
-31.78812 -28.21628
-31.75000 -28.17820
-31.72173 -28.15018
-31.71147 -28.14000
-31.65514 -28.08415
-31.62069 -28.05000
-31.58854 -28.01813
-31.52991 -27.96000
-31.52194 -27.95210
-31.50000 -27.93035
-31.45358 -27.88671
-31.43580 -27.87000
-31.38435 -27.82163
-31.34006 -27.78000
-31.31512 -27.75656
-31.25000 -27.69535
-31.24556 -27.69160
-31.24367 -27.69000
-31.17087 -27.62849
-31.13716 -27.60000
-31.09618 -27.56537
-31.03065 -27.51000
-31.02150 -27.50226
-31.00000 -27.48410
-30.94500 -27.43980
-30.92042 -27.42000
-30.86777 -27.37760
-30.80867 -27.33000
-30.79055 -27.31540
-30.75000 -27.28275
-30.70336 -27.25679
-30.67320 -27.24000
-30.60517 -27.20214
-30.51150 -27.15000
-30.50698 -27.14749
-30.50000 -27.14360
-30.36044 -27.11024
-30.25000 -27.08385
-30.18910 -27.08192
-30.00000 -27.07595
-29.96961 -27.07094
-29.90323 -27.06000
-29.79812 -27.04268
-29.75000 -27.03475
-29.61834 -27.06000
-29.50000 -27.08270
-29.43429 -27.08366
-29.25000 -27.08635
-29.17549 -27.08682
-29.00000 -27.08795
-28.93882 -27.08203
-28.75000 -27.06375
-28.73754 -27.06449
-28.50000 -27.07855
-28.45382 -27.07663
-28.25000 -27.06815
-28.23202 -27.06647
-28.16258 -27.06000
-28.03343 -27.04796
-28.00000 -27.04485
-27.82085 -27.03449
-27.75000 -27.03040
-27.62459 -27.01515
-27.50000 -27.00000
-27.45199 -26.98728
-27.38672 -26.97000
-27.30794 -26.94914
-27.25000 -26.93380
-27.19465 -26.89993
-27.16210 -26.88000
-27.10206 -26.84326
-27.01504 -26.79000
-27.00947 -26.78659
-27.00000 -26.78080
-26.90030 -26.73589
-26.82061 -26.70000
-26.78924 -26.68587
-26.75000 -26.66820
-26.66429 -26.64086
-26.56756 -26.61000
-26.53174 -26.59857
-26.50000 -26.58845
-26.38096 -26.56285
-26.25000 -26.53470
-26.21980 -26.53087
-26.13391 -26.52000
-26.03484 -26.50746
-26.00000 -26.50305
-25.82715 -26.49223
-25.75000 -26.48740
-25.60153 -26.48345
-25.50000 -26.48075
-25.36284 -26.47938
-25.25000 -26.47825
-25.11723 -26.47780
-25.00000 -26.47740
-24.86878 -26.47724
-24.75000 -26.47710
-24.61932 -26.47705
-24.50000 -26.47700
-24.36945 -26.47700
-24.25000 -26.47700
-24.11952 -26.47697
-24.00000 -26.47695
-23.86959 -26.47695
-23.75000 -26.47695
-23.61959 -26.47695
-23.50000 -26.47695
-23.36959 -26.47695
-23.25000 -26.47695
-23.11959 -26.47695
-23.00000 -26.47695
-22.86959 -26.47695
-22.75000 -26.47695
-22.61959 -26.47695
-22.50000 -26.47695
-22.36959 -26.47695
-22.25000 -26.47695
-22.11959 -26.47695
-22.00000 -26.47695
-21.86959 -26.47695
-21.75000 -26.47695
-21.61966 -26.47692
-21.50000 -26.47690
-21.36973 -26.47690
-21.25000 -26.47690
-21.11987 -26.47685
-21.00000 -26.47680
-20.87058 -26.47659
-20.75000 -26.47640
-20.62147 -26.47627
-20.50000 -26.47615
-20.37245 -26.47592
-20.25000 -26.47570
-20.12404 -26.47534
-20.00000 -26.47500
-19.87665 -26.47441
-19.75000 -26.47380
-19.63124 -26.47275
-19.50000 -26.47160
-19.38925 -26.46987
-19.25000 -26.46770
-19.15274 -26.46501
-19.00000 -26.46080
-18.92474 -26.45709
-18.75000 -26.44850
-18.70860 -26.44490
-18.53689 -26.43000
-18.50717 -26.42742
-18.50000 -26.42680
-18.33100 -26.40084
-18.25000 -26.38840
-18.17301 -26.36772
-18.06982 -26.34000
-18.02983 -26.32926
-18.00000 -26.32125
-17.91301 -26.28132
-17.84478 -26.25000
-17.80312 -26.23088
-17.75000 -26.20650
-17.70691 -26.17551
-17.68533 -26.16000
-17.62350 -26.11554
-17.56016 -26.07000
-17.54009 -26.05557
-17.50000 -26.02675
-17.45853 -25.99493
-17.43907 -25.98000
-17.37868 -25.93367
-17.32176 -25.89000
-17.29884 -25.87242
-17.25000 -25.83495
-17.19277 -25.82060
-17.11054 -25.80000
-17.04537 -25.78367
-17.00000 -25.77230
-16.83208 -25.77045
-16.75000 -25.76955
-16.58487 -25.76945
-16.50000 -25.76940
-16.33528 -25.76930
-16.25000 -25.76925
-16.08597 -25.76905
-16.00000 -25.76895
-15.83725 -25.76859
-15.75000 -25.76840
-15.58948 -25.76779
-15.50000 -25.76745
-15.34347 -25.76635
-15.25000 -25.76570
-15.10036 -25.76387
-15.00000 -25.76265
-14.86203 -25.75967
-14.75000 -25.75725
-14.63135 -25.75272
-14.50000 -25.74770
-14.41176 -25.74177
-14.25000 -25.73090
-14.20613 -25.72579
-14.07047 -25.71000
-14.01722 -25.70380
-14.00000 -25.70180
-13.85367 -25.67268
-13.75000 -25.65205
-13.70338 -25.63678
-13.65211 -25.62000
-13.57245 -25.59392
-13.50000 -25.57020
-13.45355 -25.54672
-13.42046 -25.53000
-13.34955 -25.49416
-13.25000 -25.44385
-13.24637 -25.44131
-13.24451 -25.44000
-13.16148 -25.38187
-13.11597 -25.35000
-13.07659 -25.32243
-13.00000 -25.26880
-12.99271 -25.26263
-12.98961 -25.26000
-12.91811 -25.19948
-12.88327 -25.17000
-12.84350 -25.13634
-12.77694 -25.08000
-12.76890 -25.07320
-12.75000 -25.05720
-12.69760 -25.00886
-12.67715 -24.99000
-12.62742 -24.94413
-12.57958 -24.90000
-12.55724 -24.87939
-12.50000 -24.82660
-12.48741 -24.81453
-12.48268 -24.81000
-12.41913 -24.74911
-12.38875 -24.72000
-12.35086 -24.68369
-12.29483 -24.63000
-12.28258 -24.61827
-12.25000 -24.58705
-12.21476 -24.55269
-12.20176 -24.54000
-12.14736 -24.48695
-12.10947 -24.45000
-12.07995 -24.42122
-12.01718 -24.36000
-12.01255 -24.35548
-12.00000 -24.34325
-11.94546 -24.28963
-11.92549 -24.27000
-11.87845 -24.22376
-11.83393 -24.18000
-11.81143 -24.15788
-11.75000 -24.09750
-11.74442 -24.09201
-11.74239 -24.09000
