-35.00000 -29.08804
-34.87024 -29.08671
-34.75000 -29.08549
-34.62973 -29.08330
-34.50000 -29.08094
-34.39562 -29.07758
-34.25000 -29.07289
-34.17110 -29.06840
-34.00000 -29.05869
-33.95938 -29.05462
-33.81314 -29.04000
-33.76373 -29.03506
-33.75000 -29.03369
-33.59317 -29.00646
-33.50000 -28.99029
-33.43859 -28.97211
-33.36390 -28.95000
-33.30139 -28.93150
-33.25000 -28.91629
-33.18326 -28.88403
-33.13356 -28.86000
-33.07655 -28.83244
-33.00000 -28.79544
-32.97654 -28.77845
-32.96488 -28.77000
-32.89353 -28.71833
-32.84060 -28.68000
-32.81052 -28.65821
-32.75000 -28.61439
-32.73100 -28.59684
-32.72360 -28.59000
-32.66090 -28.53208
-32.62618 -28.50000
-32.59080 -28.46731
-32.52876 -28.41000
-32.52069 -28.40255
-32.50000 -28.38344
-32.45318 -28.33685
-32.43625 -28.32000
-32.38676 -28.27077
-32.34579 -28.23000
-32.32034 -28.20468
-32.25534 -28.14000
-32.25392 -28.13859
-32.25000 -28.13469
-32.18767 -28.07244
-32.16520 -28.05000
-32.12142 -28.00629
-32.07507 -27.96000
-32.05518 -27.94014
-32.00000 -27.88504
-31.98891 -27.87399
-31.98490 -27.87000
-31.92252 -27.80789
-31.89450 -27.78000
-31.85613 -27.74179
-31.80410 -27.69000
-31.78973 -27.67570
-31.75000 -27.63614
-31.72279 -27.60980
-31.71266 -27.60000
-31.65500 -27.54420
-31.61967 -27.51000
-31.58722 -27.47860
-31.52667 -27.42000
-31.51944 -27.41300
-31.50000 -27.39419
-31.44430 -27.35005
-31.41900 -27.33000
-31.36620 -27.28817
-31.30542 -27.24000
-31.28811 -27.22628
-31.25000 -27.19609
-31.20092 -27.16767
-31.17040 -27.15000
-31.10507 -27.11217
-31.01496 -27.06000
-31.00923 -27.05668
-31.00000 -27.05134
-30.91578 -27.00032
-30.86574 -26.97000
-30.82260 -26.94387
-30.75000 -26.89989
-30.72030 -26.89069
-30.68577 -26.88000
-30.58589 -26.84908
-30.50000 -26.82249
-30.42374 -26.81745
-30.25000 -26.80599
-30.19951 -26.80818
-30.00000 -26.81684
-29.94740 -26.80894
-29.82133 -26.79000
-29.77100 -26.78244
-29.75000 -26.77929
-29.69888 -26.79000
-29.50000 -26.83169
-29.37825 -26.83383
-29.25000 -26.83609
-29.11937 -26.83703
-29.00000 -26.83789
-28.89595 -26.82746
-28.75000 -26.81284
-28.67352 -26.81753
-28.50000 -26.82819
-28.40525 -26.82411
-28.25000 -26.81744
-28.18999 -26.81160
-28.00000 -26.79314
-27.99254 -26.79269
-27.94791 -26.79000
-27.77835 -26.77979
-27.75000 -26.77809
-27.58999 -26.75760
-27.50000 -26.74609
-27.42819 -26.72585
-27.33646 -26.70000
-27.28796 -26.68633
-27.25000 -26.67564
-27.18700 -26.63268
-27.15373 -26.61000
-27.10061 -26.57378
-27.02173 -26.52000
-27.01422 -26.51488
-27.00000 -26.50519
-26.91776 -26.45961
-26.86433 -26.43000
-26.81931 -26.40505
-26.75000 -26.36664
-26.71708 -26.35185
-26.69068 -26.34000
-26.60583 -26.30190
-26.50000 -26.25439
-26.49386 -26.25221
-26.48760 -26.25000
-26.36777 -26.20760
-26.25000 -26.16594
-26.24013 -26.16355
-26.22543 -26.16000
-26.09053 -26.12741
-26.00000 -26.10554
-25.92798 -26.09593
-25.75000 -26.07219
-25.74480 -26.07187
-25.71357 -26.07000
-25.53051 -26.05902
-25.50000 -26.05719
-25.29847 -26.05255
-25.25000 -26.05144
-25.05599 -26.04985
-25.00000 -26.04939
-24.80875 -26.04885
-24.75000 -26.04869
-24.55963 -26.04853
-24.50000 -26.04849
-24.30997 -26.04841
-24.25000 -26.04839
-24.06004 -26.04839
-24.00000 -26.04839
-23.81004 -26.04839
-23.75000 -26.04839
-23.56004 -26.04839
-23.50000 -26.04839
-23.31004 -26.04839
-23.25000 -26.04839
-23.06004 -26.04839
-23.00000 -26.04839
-22.81004 -26.04839
-22.75000 -26.04839
-22.56004 -26.04839
-22.50000 -26.04839
-22.31004 -26.04839
-22.25000 -26.04839
-22.06014 -26.04835
-22.00000 -26.04834
-21.81018 -26.04834
-21.75000 -26.04834
-21.56018 -26.04834
-21.50000 -26.04834
-21.31028 -26.04830
-21.25000 -26.04829
-21.06042 -26.04825
-21.00000 -26.04824
-20.81202 -26.04767
-20.75000 -26.04749
-20.56337 -26.04719
-20.50000 -26.04709
-20.31447 -26.04679
-20.25000 -26.04669
-20.06619 -26.04617
-20.00000 -26.04599
-19.81902 -26.04515
-19.75000 -26.04484
-19.57391 -26.04339
-19.50000 -26.04279
-19.33248 -26.04031
-19.25000 -26.03909
-19.09693 -26.03511
-19.00000 -26.03259
-18.87054 -26.02661
-18.75000 -26.02104
-18.65699 -26.01348
-18.50000 -26.00074
-18.45871 -25.99486
-18.35418 -25.98000
-18.27950 -25.96938
-18.25000 -25.96519
-18.12548 -25.93483
-18.00000 -25.90424
-17.98120 -25.89677
-17.96418 -25.89000
-17.86238 -25.84954
-17.75000 -25.80489
-17.74463 -25.80193
-17.74111 -25.80000
-17.64568 -25.74755
-17.57735 -25.71000
-17.54674 -25.69317
-17.50000 -25.66749
-17.44114 -25.64119
-17.39372 -25.62000
-17.32959 -25.59135
-17.25000 -25.55579
-17.19511 -25.54976
-17.01515 -25.53000
-17.00354 -25.52872
-17.00000 -25.52834
-16.75772 -25.52722
-16.75000 -25.52719
-16.50809 -25.52709
-16.50000 -25.52709
-16.25850 -25.52694
-16.25000 -25.52694
-16.00945 -25.52660
-16.00000 -25.52659
-15.76094 -25.52606
-15.75000 -25.52604
-15.51351 -25.52514
-15.50000 -25.52509
-15.26803 -25.52351
-15.25000 -25.52339
-15.02596 -25.52065
-15.00000 -25.52034
-14.78959 -25.51575
-14.75000 -25.51489
-14.56194 -25.50770
-14.50000 -25.50534
-14.34699 -25.49508
-14.25000 -25.48859
-14.14806 -25.47670
-14.00000 -25.45944
-13.96522 -25.45252
-13.90223 -25.44000
-13.80416 -25.42050
-13.75000 -25.40974
-13.66310 -25.38128
-13.56754 -25.35000
-13.53217 -25.33842
-13.50000 -25.32789
-13.42157 -25.28823
-13.36573 -25.26000
-13.31760 -25.23566
-13.25000 -25.20149
-13.22030 -25.18069
-13.20502 -25.17000
-13.13539 -25.12126
-13.07645 -25.08000
-13.05048 -25.06183
-13.00000 -25.02649
-12.96976 -25.00089
-12.95689 -24.99000
-12.89515 -24.93774
-12.85056 -24.90000
-12.82055 -24.87460
-12.75000 -24.81489
-12.74619 -24.81137
-12.74470 -24.81000
-12.67601 -24.74664
-12.64713 -24.72000
-12.60583 -24.68190
-12.54956 -24.63000
-12.53565 -24.61717
-12.50000 -24.58429
-12.46640 -24.55209
-12.45378 -24.54000
-12.39813 -24.48667
-12.35986 -24.45000
-12.32985 -24.42125
-12.26593 -24.36000
-12.26158 -24.35583
-12.25000 -24.34474
-12.19403 -24.29015
-12.17338 -24.27000
-12.12664 -24.22441
-12.08111 -24.18000
-12.05924 -24.15867
-12.00000 -24.10089
-11.99189 -24.09292
-11.98893 -24.09000
