-35.00000 -29.20584
-34.79513 -29.20375
-34.75000 -29.20329
-34.55620 -29.19977
-34.50000 -29.19874
-34.32472 -29.19310
-34.25000 -29.19069
-34.10438 -29.18242
-34.00000 -29.17649
-33.89893 -29.16639
-33.75000 -29.15149
-33.70972 -29.14450
-33.62619 -29.13000
-33.54105 -29.11522
-33.50000 -29.10809
-33.39620 -29.07737
-33.26995 -29.04000
-33.25900 -29.03676
-33.25000 -29.03409
-33.15029 -28.98589
-33.07604 -28.95000
-33.04358 -28.93431
-33.00000 -28.91324
-32.95090 -28.87768
-32.92650 -28.86000
-32.86790 -28.81755
-32.80226 -28.77000
-32.78491 -28.75743
-32.75000 -28.73214
-32.70942 -28.69461
-32.69363 -28.68000
-32.63938 -28.62982
-32.59633 -28.59000
-32.56934 -28.56504
-32.50000 -28.50089
-32.49934 -28.50024
-32.49910 -28.50000
-32.43291 -28.43415
-32.40863 -28.41000
-32.36648 -28.36807
-32.31816 -28.32000
-32.30005 -28.30198
-32.25000 -28.25219
-32.23368 -28.23588
-32.22780 -28.23000
-32.16749 -28.16970
-32.13778 -28.14000
-32.10131 -28.10353
-32.04777 -28.05000
-32.03512 -28.03736
-32.00000 -28.00224
-31.96892 -27.97119
-31.95772 -27.96000
-31.90270 -27.90503
-31.86765 -27.87000
-31.83649 -27.83886
-31.77758 -27.78000
-31.77027 -27.77270
-31.75000 -27.75244
-31.70391 -27.70659
-31.68723 -27.69000
-31.63748 -27.64051
-31.59676 -27.60000
-31.57105 -27.57442
-31.50629 -27.51000
-31.50462 -27.50834
-31.50000 -27.50374
-31.43677 -27.44276
-31.41316 -27.42000
-31.36881 -27.37723
-31.31984 -27.33000
-31.30086 -27.31169
-31.25000 -27.26264
-31.23207 -27.24645
-31.22492 -27.24000
-31.16081 -27.18211
-31.12526 -27.15000
-31.08955 -27.11776
-31.02559 -27.06000
-31.01829 -27.05341
-31.00000 -27.03689
-30.94546 -26.98963
-30.92281 -26.97000
-30.87209 -26.92605
-30.81895 -26.88000
-30.79872 -26.86246
-30.75000 -26.82024
-30.72047 -26.80063
-30.70447 -26.79000
-30.63260 -26.74227
-30.56896 -26.70000
-30.54472 -26.68390
-30.50000 -26.65419
-30.43756 -26.63248
-30.37293 -26.61000
-30.31041 -26.58825
-30.25000 -26.56724
-30.14529 -26.55769
-30.00000 -26.54444
-29.95455 -26.53636
-29.86252 -26.52000
-29.78720 -26.50661
-29.75000 -26.49999
-29.63620 -26.52000
-29.50000 -26.54394
-29.43120 -26.54477
-29.25000 -26.54694
-29.17402 -26.54735
-29.00000 -26.54829
-28.93760 -26.54247
-28.75000 -26.52494
-28.73369 -26.52587
-28.50000 -26.53914
-28.45214 -26.53723
-28.25000 -26.52914
-28.22966 -26.52732
-28.14795 -26.52000
-28.02948 -26.50939
-28.00000 -26.50674
-27.81525 -26.49651
-27.75000 -26.49289
-27.61787 -26.47757
-27.50000 -26.46389
-27.44442 -26.45001
-27.36432 -26.43000
-27.29683 -26.41314
-27.25000 -26.40144
-27.18288 -26.36416
-27.13937 -26.34000
-27.08456 -26.30956
-27.00000 -26.26259
-26.98298 -26.25613
-26.96686 -26.25000
-26.86136 -26.20991
-26.75000 -26.16759
-26.73750 -26.16450
-26.71933 -26.16000
-26.58938 -26.12782
-26.50000 -26.10569
-26.43064 -26.09497
-26.26912 -26.07000
-26.25574 -26.06793
-26.25000 -26.06704
-26.05475 -26.05029
-26.00000 -26.04559
-25.83651 -26.03886
-25.75000 -26.03529
-25.60333 -26.03280
-25.50000 -26.03104
-25.36061 -26.03018
-25.25000 -26.02949
-25.11343 -26.02917
-25.00000 -26.02889
-24.86441 -26.02881
-24.75000 -26.02874
-24.61468 -26.02872
-24.50000 -26.02869
-24.36481 -26.02867
-24.25000 -26.02864
-24.11488 -26.02864
-24.00000 -26.02864
-23.86488 -26.02864
-23.75000 -26.02864
-23.61488 -26.02864
-23.50000 -26.02864
-23.36488 -26.02864
-23.25000 -26.02864
-23.11488 -26.02864
-23.00000 -26.02864
-22.86488 -26.02864
-22.75000 -26.02864
-22.61488 -26.02864
-22.50000 -26.02864
-22.36488 -26.02864
-22.25000 -26.02864
-22.11488 -26.02864
-22.00000 -26.02864
-21.86495 -26.02862
-21.75000 -26.02859
-21.61502 -26.02859
-21.50000 -26.02859
-21.36509 -26.02857
-21.25000 -26.02854
-21.11523 -26.02852
-21.00000 -26.02849
-20.86574 -26.02833
-20.75000 -26.02819
-20.61650 -26.02806
-20.50000 -26.02794
-20.36748 -26.02771
-20.25000 -26.02749
-20.11909 -26.02713
-20.00000 -26.02679
-19.87180 -26.02615
-19.75000 -26.02554
-19.62651 -26.02446
-19.50000 -26.02334
-19.38466 -26.02152
-19.25000 -26.01939
-19.14852 -26.01653
-19.00000 -26.01234
-18.92107 -26.00841
-18.75000 -25.99989
-18.70563 -25.99597
-18.52495 -25.98000
-18.50492 -25.97823
-18.50000 -25.97779
-18.33005 -25.95118
-18.25000 -25.93864
-18.17347 -25.91755
-18.07350 -25.89000
-18.03187 -25.87853
-18.00000 -25.86974
-17.91675 -25.82997
-17.85403 -25.80000
-17.80933 -25.77864
-17.75000 -25.75029
-17.71465 -25.72272
-17.69834 -25.71000
-17.63571 -25.66115
-17.58296 -25.62000
-17.55676 -25.59957
-17.50000 -25.55529
-17.48060 -25.53698
-17.47321 -25.53000
-17.41158 -25.47183
-17.37787 -25.44000
-17.34257 -25.40668
-17.28253 -25.35000
-17.27355 -25.34152
-17.25000 -25.31929
-17.16875 -25.28925
-17.08966 -25.26000
-17.04543 -25.24364
-17.00000 -25.22684
-16.84946 -25.22419
-16.75000 -25.22244
-16.60448 -25.22239
-16.50000 -25.22234
-16.35484 -25.22226
-16.25000 -25.22219
-16.10558 -25.22199
-16.00000 -25.22184
-15.85686 -25.22153
-15.75000 -25.22129
-15.60900 -25.22076
-15.50000 -25.22034
-15.36275 -25.21941
-15.25000 -25.21864
-15.11931 -25.21705
-15.00000 -25.21559
-14.88058 -25.21299
-14.75000 -25.21014
-14.64919 -25.20629
-14.50000 -25.20059
-14.42835 -25.19579
-14.25000 -25.18384
-14.22095 -25.18046
-14.13127 -25.17000
-14.03211 -25.15844
-14.00000 -25.15469
-13.86633 -25.12812
-13.75000 -25.10499
-13.71364 -25.09309
-13.67366 -25.08000
-13.58271 -25.05022
-13.50000 -25.02314
-13.46171 -25.00378
-13.43445 -24.99000
-13.35774 -24.95122
-13.25644 -24.90000
-13.25376 -24.89865
-13.25000 -24.89674
-13.16817 -24.83946
-13.12608 -24.81000
-13.08326 -24.78003
-13.00000 -24.72174
-12.99855 -24.72052
-12.99794 -24.72000
-12.92395 -24.65738
-12.89161 -24.63000
-12.84935 -24.59423
-12.78527 -24.54000
-12.77475 -24.53109
-12.75000 -24.51014
-12.70310 -24.46688
-12.68480 -24.45000
-12.63292 -24.40215
-12.58722 -24.36000
-12.56274 -24.33741
-12.50000 -24.27954
-12.49276 -24.27261
-12.49004 -24.27000
-12.42448 -24.20719
-12.39611 -24.18000
-12.35621 -24.14176
-12.30219 -24.09000
