-35.00000 -29.30865
-34.76054 -29.30621
-34.75000 -29.30610
-34.52234 -29.30196
-34.50000 -29.30155
-34.29207 -29.29485
-34.25000 -29.29350
-34.07374 -29.28345
-34.00000 -29.27925
-33.87114 -29.26639
-33.75000 -29.25430
-33.68572 -29.24314
-33.55242 -29.22000
-33.51705 -29.21386
-33.50000 -29.21090
-33.37668 -29.17440
-33.25000 -29.13690
-33.24182 -29.13294
-33.23573 -29.13000
-33.13514 -29.08135
-33.04963 -29.04000
-33.02845 -29.02976
-33.00000 -29.01600
-32.93913 -28.97191
-32.90887 -28.95000
-32.85612 -28.91180
-32.78459 -28.86000
-32.77310 -28.85168
-32.75000 -28.83495
-32.69946 -28.78820
-32.67978 -28.77000
-32.62942 -28.72341
-32.58249 -28.68000
-32.55938 -28.65862
-32.50000 -28.60370
-32.48989 -28.59364
-32.48623 -28.59000
-32.42345 -28.52756
-32.39574 -28.50000
-32.35701 -28.46148
-32.30525 -28.41000
-32.29057 -28.39540
-32.25000 -28.35505
-32.22422 -28.32928
-32.21494 -28.32000
-32.15802 -28.26311
-32.12490 -28.23000
-32.09183 -28.19694
-32.03486 -28.14000
-32.02563 -28.13077
-32.00000 -28.10515
-31.95941 -28.06461
-31.94478 -28.05000
-31.89318 -27.99846
-31.85468 -27.96000
-31.82694 -27.93230
-31.76457 -27.87000
-31.76071 -27.86615
-31.75000 -27.85545
-31.69417 -27.80010
-31.67390 -27.78000
-31.62757 -27.73407
-31.58312 -27.69000
-31.56097 -27.66805
-31.50000 -27.60760
-31.49415 -27.60210
-31.49192 -27.60000
-31.42493 -27.53702
-31.39619 -27.51000
-31.35571 -27.47194
-31.30047 -27.42000
-31.28649 -27.40686
-31.25000 -27.37255
-31.21468 -27.34271
-31.19963 -27.33000
-31.13998 -27.27961
-31.09310 -27.24000
-31.06528 -27.21650
-31.00000 -27.16135
-30.99026 -27.15351
-30.98591 -27.15000
-30.91305 -27.09130
-30.87419 -27.06000
-30.83584 -27.02910
-30.76248 -26.97000
-30.75862 -26.96690
-30.75000 -26.95995
-30.66276 -26.91141
-30.60631 -26.88000
-30.56455 -26.85676
-30.50000 -26.82085
-30.44852 -26.80853
-30.37103 -26.79000
-30.29831 -26.77261
-30.25000 -26.76105
-30.09402 -26.75615
-30.00000 -26.75320
-29.89867 -26.73648
-29.75000 -26.71195
-29.67887 -26.72561
-29.50000 -26.75995
-29.32643 -26.76248
-29.25000 -26.76360
-29.07024 -26.76471
-29.00000 -26.76515
-28.85732 -26.75137
-28.75000 -26.74100
-28.61379 -26.74904
-28.50000 -26.75575
-28.36111 -26.75000
-28.25000 -26.74540
-28.14982 -26.73606
-28.00000 -26.72210
-27.94710 -26.71904
-27.75000 -26.70765
-27.73412 -26.70572
-27.68719 -26.70000
-27.54732 -26.68296
-27.50000 -26.67720
-27.39245 -26.64872
-27.25000 -26.61100
-27.24897 -26.61037
-27.24837 -26.61000
-27.15636 -26.55371
-27.10126 -26.52000
-27.06375 -26.49705
-27.00000 -26.45805
-26.96539 -26.44246
-26.93772 -26.43000
-26.85433 -26.39244
-26.75000 -26.34545
-26.74197 -26.34289
-26.73292 -26.34000
-26.60943 -26.30061
-26.50000 -26.26570
-26.47270 -26.25983
-26.42698 -26.25000
-26.31617 -26.22618
-26.25000 -26.21195
-26.14324 -26.19843
-26.00000 -26.18030
-25.95199 -26.17728
-25.75000 -26.16460
-25.73810 -26.16429
-25.57577 -26.16000
-25.50518 -26.15814
-25.50000 -26.15800
-25.26216 -26.15562
-25.25000 -26.15550
-25.01472 -26.15470
-25.00000 -26.15465
-24.76564 -26.15437
-24.75000 -26.15435
-24.51596 -26.15426
-24.50000 -26.15425
-24.26610 -26.15420
-24.25000 -26.15420
-24.01611 -26.15420
-24.00000 -26.15420
-23.76611 -26.15420
-23.75000 -26.15420
-23.51611 -26.15420
-23.50000 -26.15420
-23.26611 -26.15420
-23.25000 -26.15420
-23.01611 -26.15420
-23.00000 -26.15420
-22.76611 -26.15420
-22.75000 -26.15420
-22.51611 -26.15420
-22.50000 -26.15420
-22.26611 -26.15420
-22.25000 -26.15420
-22.01611 -26.15420
-22.00000 -26.15420
-21.76624 -26.15415
-21.75000 -26.15415
-21.51625 -26.15415
-21.50000 -26.15415
-21.26638 -26.15410
-21.25000 -26.15410
-21.01652 -26.15405
-21.00000 -26.15405
-20.76756 -26.15368
-20.75000 -26.15365
-20.51841 -26.15337
-20.50000 -26.15335
-20.26950 -26.15298
-20.25000 -26.15295
-20.02136 -26.15231
-20.00000 -26.15225
-19.77466 -26.15112
-19.75000 -26.15100
-19.53025 -26.14911
-19.50000 -26.14885
-19.29007 -26.14557
-19.25000 -26.14495
-19.05673 -26.13958
-19.00000 -26.13800
-18.83374 -26.12985
-18.75000 -26.12575
-18.62528 -26.11490
-18.50000 -26.10400
-18.43378 -26.09384
-18.27836 -26.07000
-18.25847 -26.06695
-18.25000 -26.06565
-18.11375 -26.02905
-18.00000 -25.99850
-17.97742 -25.98813
-17.95971 -25.98000
-17.86755 -25.93768
-17.76372 -25.89000
-17.75769 -25.88723
-17.75000 -25.88370
-17.67241 -25.82793
-17.63356 -25.80000
-17.58899 -25.76796
-17.50835 -25.71000
-17.50556 -25.70800
-17.50000 -25.70400
-17.42549 -25.64682
-17.39054 -25.62000
-17.34566 -25.58556
-17.27326 -25.53000
-17.26583 -25.52430
-17.25000 -25.51215
-17.13180 -25.48255
-17.00000 -25.44955
-16.97427 -25.44926
-16.75000 -25.44675
-16.73127 -25.44674
-16.50000 -25.44665
-16.48156 -25.44664
-16.25000 -25.44650
-16.23201 -25.44648
-16.00000 -25.44620
-15.98288 -25.44616
-15.75000 -25.44565
-15.73448 -25.44559
-15.50000 -25.44465
-15.48732 -25.44456
-15.25000 -25.44295
-15.24207 -25.44285
-15.00822 -25.44000
-15.00027 -25.43990
-15.00000 -25.43990
-14.76441 -25.43481
-14.75000 -25.43450
-14.53780 -25.42639
-14.50000 -25.42495
-14.32456 -25.41316
-14.25000 -25.40815
-14.12799 -25.39392
-14.00000 -25.37900
-13.94810 -25.36868
-13.85413 -25.35000
-13.78704 -25.33666
-13.75000 -25.32930
-13.64919 -25.29629
-13.53833 -25.26000
-13.51826 -25.25343
-13.50000 -25.24745
-13.41050 -25.20222
-13.34676 -25.17000
-13.30651 -25.14966
-13.25000 -25.12110
-13.21123 -25.09396
-13.19130 -25.08000
-13.12634 -25.03452
-13.06277 -24.99000
-13.04145 -24.97508
-13.00000 -24.94605
-12.96183 -24.91374
-12.94559 -24.90000
-12.88723 -24.85060
-12.83926 -24.81000
-12.81262 -24.78746
-12.75000 -24.73445
-12.73873 -24.72406
-12.73433 -24.72000
-12.66855 -24.65932
-12.63676 -24.63000
-12.59837 -24.59459
-12.53919 -24.54000
-12.52819 -24.52985
-12.50000 -24.50385
-12.45915 -24.46471
-12.44380 -24.45000
-12.39087 -24.39929
-12.34988 -24.36000
-12.32260 -24.33386
-12.25595 -24.27000
-12.25432 -24.26844
-12.25000 -24.26430
-12.18687 -24.20273
-12.16357 -24.18000
-12.11948 -24.13699
-12.07130 -24.09000
