-35.00000 -29.58065
-34.99824 -29.58063
-34.93630 -29.58000
-34.75513 -29.57815
-34.75000 -29.57810
-34.51706 -29.57386
-34.50000 -29.57355
-34.28697 -29.56669
-34.25000 -29.56550
-34.06886 -29.55521
-34.00000 -29.55130
-33.86668 -29.53799
-33.75000 -29.52635
-33.68190 -29.51451
-33.54085 -29.49000
-33.51330 -29.48521
-33.50000 -29.48290
-33.37359 -29.44551
-33.25000 -29.40895
-33.23939 -29.40382
-33.23149 -29.40000
-33.13271 -29.35223
-33.04539 -29.31000
-33.02602 -29.30063
-33.00000 -29.28805
-32.93724 -29.24260
-32.90603 -29.22000
-32.85422 -29.18248
-32.78176 -29.13000
-32.77121 -29.12236
-32.75000 -29.10700
-32.69787 -29.05877
-32.67758 -29.04000
-32.62784 -28.99398
-32.58031 -28.95000
-32.55781 -28.92919
-32.50000 -28.87570
-32.48841 -28.86417
-32.48422 -28.86000
-32.42197 -28.79809
-32.39373 -28.77000
-32.35553 -28.73201
-32.30324 -28.68000
-32.28909 -28.66593
-32.25000 -28.62705
-32.22275 -28.59981
-32.21294 -28.59000
-32.15657 -28.53364
-32.12292 -28.50000
-32.09038 -28.46746
-32.03291 -28.41000
-32.02419 -28.40129
-32.00000 -28.37710
-31.95799 -28.33512
-31.94285 -28.32000
-31.89177 -28.26896
-31.85278 -28.23000
-31.82556 -28.20280
-31.76271 -28.14000
-31.75934 -28.13664
-31.75000 -28.12730
-31.69294 -28.07054
-31.67230 -28.05000
-31.62651 -28.00446
-31.58183 -27.96000
-31.56008 -27.93837
-31.50000 -27.87860
-31.49351 -27.87234
-31.49108 -27.87000
-31.42555 -27.80680
-31.39776 -27.78000
-31.35760 -27.74127
-31.30444 -27.69000
-31.28964 -27.67573
-31.25000 -27.63750
-31.22031 -27.61069
-31.20847 -27.60000
-31.14905 -27.54634
-31.10880 -27.51000
-31.07779 -27.48200
-31.00914 -27.42000
-31.00653 -27.41765
-31.00000 -27.41175
-30.93335 -27.35399
-30.90567 -27.33000
-30.85998 -27.29041
-30.80181 -27.24000
-30.78661 -27.22682
-30.75000 -27.19510
-30.70597 -27.16585
-30.68210 -27.15000
-30.61809 -27.10749
-30.54660 -27.06000
-30.53022 -27.04912
-30.50000 -27.02905
-30.41657 -27.00003
-30.33022 -26.97000
-30.28942 -26.95581
-30.25000 -26.94210
-30.11237 -26.92955
-30.00000 -26.91930
-29.92693 -26.90631
-29.77897 -26.88000
-29.75958 -26.87655
-29.75000 -26.87485
-29.72067 -26.88000
-29.50000 -26.91875
-29.38859 -26.92011
-29.25000 -26.92180
-29.13212 -26.92244
-29.00000 -26.92315
-28.90487 -26.91425
-28.75000 -26.89975
-28.68482 -26.90347
-28.50000 -26.91400
-28.41504 -26.91058
-28.25000 -26.90395
-28.19673 -26.89918
-28.00000 -26.88155
-27.99627 -26.88134
-27.97193 -26.88000
-27.77950 -26.86938
-27.75000 -26.86775
-27.58673 -26.84878
-27.50000 -26.83870
-27.42014 -26.81875
-27.30505 -26.79000
-27.27255 -26.78188
-27.25000 -26.77625
-27.16670 -26.72999
-27.11271 -26.70000
-27.06839 -26.67538
-27.00000 -26.63740
-26.96296 -26.62333
-26.92786 -26.61000
-26.84131 -26.57713
-26.75000 -26.54245
-26.71306 -26.53330
-26.65940 -26.52000
-26.56499 -26.49660
-26.50000 -26.48050
-26.40187 -26.46533
-26.25000 -26.44185
-26.22342 -26.43957
-26.11189 -26.43000
-26.02153 -26.42225
-26.00000 -26.42040
-25.79950 -26.41218
-25.75000 -26.41015
-25.56393 -26.40699
-25.50000 -26.40590
-25.32014 -26.40475
-25.25000 -26.40430
-25.07247 -26.40391
-25.00000 -26.40375
-24.82331 -26.40361
-24.75000 -26.40355
-24.57357 -26.40351
-24.50000 -26.40350
-24.32361 -26.40350
-24.25000 -26.40350
-24.07361 -26.40350
-24.00000 -26.40350
-23.82361 -26.40350
-23.75000 -26.40350
-23.57361 -26.40350
-23.50000 -26.40350
-23.32361 -26.40350
-23.25000 -26.40350
-23.07371 -26.40346
-23.00000 -26.40345
-22.82375 -26.40345
-22.75000 -26.40345
-22.57375 -26.40345
-22.50000 -26.40345
-22.32375 -26.40345
-22.25000 -26.40345
-22.07375 -26.40345
-22.00000 -26.40345
-21.82375 -26.40345
-21.75000 -26.40345
-21.57375 -26.40345
-21.50000 -26.40345
-21.32385 -26.40341
-21.25000 -26.40340
-21.07409 -26.40333
-21.00000 -26.40330
-20.82465 -26.40312
-20.75000 -26.40305
-20.57544 -26.40284
-20.50000 -26.40275
-20.32647 -26.40247
-20.25000 -26.40235
-20.07814 -26.40187
-20.00000 -26.40165
-19.83110 -26.40081
-19.75000 -26.40040
-19.58632 -26.39893
-19.50000 -26.39815
-19.34526 -26.39570
-19.25000 -26.39420
-19.11031 -26.39029
-19.00000 -26.38720
-18.88482 -26.38146
-18.75000 -26.37475
-18.67254 -26.36789
-18.50000 -26.35260
-18.47561 -26.34878
-18.41954 -26.34000
-18.30139 -26.32150
-18.25000 -26.31345
-18.15017 -26.28594
-18.01978 -26.25000
-18.00858 -26.24691
-18.00000 -26.24455
-17.89908 -26.19633
-17.82304 -26.16000
-17.79166 -26.14500
-17.75000 -26.12510
-17.70167 -26.08740
-17.67936 -26.07000
-17.62272 -26.02582
-17.56397 -25.98000
-17.54377 -25.96424
-17.50000 -25.93010
-17.46924 -25.90107
-17.45751 -25.89000
-17.40021 -25.83592
-17.36215 -25.80000
-17.33119 -25.77077
-17.26679 -25.71000
-17.26216 -25.70562
-17.25000 -25.69415
-17.14840 -25.65658
-17.04949 -25.62000
-17.02508 -25.61097
-17.00000 -25.60170
-16.81012 -25.59836
-16.75000 -25.59730
-16.56337 -25.59719
-16.50000 -25.59715
-16.31378 -25.59704
-16.25000 -25.59700
-16.06451 -25.59678
-16.00000 -25.59670
-15.81585 -25.59629
-15.75000 -25.59615
-15.56817 -25.59546
-15.50000 -25.59520
-15.32234 -25.59396
-15.25000 -25.59345
-15.07953 -25.59137
-15.00000 -25.59040
-14.84172 -25.58698
-14.75000 -25.58500
-14.61188 -25.57972
-14.50000 -25.57545
-14.39361 -25.56830
-14.25000 -25.55865
-14.18986 -25.55165
-14.00387 -25.53000
-14.00095 -25.52966
-14.00000 -25.52955
-13.83980 -25.49767
-13.75000 -25.47980
-13.69210 -25.46084
-13.62844 -25.44000
-13.56117 -25.41798
-13.50000 -25.39795
-13.44459 -25.36995
-13.40513 -25.35000
-13.34059 -25.31739
-13.25000 -25.27160
-13.23906 -25.26394
-13.23343 -25.26000
-13.15417 -25.20450
-13.10490 -25.17000
-13.06928 -25.14506
-13.00000 -25.09655
-12.98628 -25.08494
-12.98045 -25.08000
-12.91168 -25.02180
-12.87411 -24.99000
-12.83708 -24.95865
-12.76778 -24.90000
-12.76248 -24.89551
-12.75000 -24.88495
-12.69156 -24.83104
-12.66874 -24.81000
-12.62137 -24.76631
-12.57117 -24.72000
-12.55119 -24.70157
-12.50000 -24.65435
-12.48153 -24.63665
-12.47459 -24.63000
-12.41325 -24.57123
-12.38066 -24.54000
-12.34498 -24.50581
-12.28674 -24.45000
-12.27670 -24.44039
-12.25000 -24.41480
-12.20896 -24.37478
-12.19381 -24.36000
-12.14155 -24.30904
-12.10152 -24.27000
-12.07415 -24.24331
-12.00923 -24.18000
-12.00674 -24.17757
-12.00000 -24.17100
-11.93969 -24.11171
-11.91760 -24.09000
