-35.00000 -28.15704
-34.82801 -28.15631
-34.75000 -28.15599
-34.58089 -28.15470
-34.50000 -28.15409
-34.33592 -28.15189
-34.25000 -28.15074
-34.09463 -28.14701
-34.00000 -28.14474
-33.85929 -28.13880
-33.75000 -28.13419
-33.63310 -28.12547
-33.50000 -28.11554
-33.41954 -28.10506
-33.25000 -28.08299
-33.22071 -28.07640
-33.14775 -28.06000
-33.04232 -28.03630
-33.00000 -28.02679
-32.88599 -27.98385
-32.75000 -27.93264
-32.73902 -27.92615
-32.72863 -27.92000
-32.61741 -27.85425
-32.50000 -27.78484
-32.49653 -27.78194
-32.49421 -27.78000
-32.39616 -27.69815
-32.32650 -27.64000
-32.29579 -27.61436
-32.25000 -27.57614
-32.20028 -27.52784
-32.17161 -27.50000
-32.10885 -27.43905
-32.02745 -27.36000
-32.01741 -27.35025
-32.00000 -27.33334
-31.92684 -27.26097
-31.88543 -27.22000
-31.83647 -27.17158
-31.75000 -27.08604
-31.74595 -27.08227
-31.74350 -27.08000
-31.65192 -26.99492
-31.59280 -26.94000
-31.55790 -26.90758
-31.50000 -26.85379
-31.45366 -26.82595
-31.41045 -26.80000
-31.33303 -26.75350
-31.25000 -26.70364
-31.20276 -26.68645
-31.13005 -26.66000
-31.05122 -26.63132
-31.00000 -26.61269
-30.91266 -26.56891
-30.81507 -26.52000
-30.78073 -26.50279
-30.75000 -26.48739
-30.61233 -26.45710
-30.50000 -26.43239
-30.40983 -26.43049
-30.25000 -26.42714
-30.15592 -26.43269
-30.00000 -26.44189
-29.91237 -26.42907
-29.75000 -26.40534
-29.67720 -26.42077
-29.50000 -26.45834
-29.35547 -26.46094
-29.25000 -26.46284
-29.10015 -26.46391
-29.00000 -26.46464
-28.87180 -26.45179
-28.75000 -26.43959
-28.63045 -26.44695
-28.50000 -26.45499
-28.37569 -26.44962
-28.25000 -26.44419
-28.15233 -26.43469
-28.00000 -26.41989
-27.93573 -26.41599
-27.75000 -26.40474
-27.71405 -26.40013
-27.55675 -26.38000
-27.51056 -26.37409
-27.50000 -26.37274
-27.34251 -26.32820
-27.25000 -26.30204
-27.20018 -26.26790
-27.15946 -26.24000
-27.08775 -26.19086
-27.00000 -26.13074
-26.97255 -26.11537
-26.94509 -26.10000
-26.84753 -26.04538
-26.75000 -25.99079
-26.71974 -25.97695
-26.68269 -25.96000
-26.58213 -25.91400
-26.50000 -25.87644
-26.43892 -25.85420
-26.34496 -25.82000
-26.28741 -25.79905
-26.25000 -25.78544
-26.12006 -25.75277
-26.00000 -25.72259
-25.93920 -25.71405
-25.75000 -25.68749
-25.73799 -25.68672
-25.63192 -25.68000
-25.51342 -25.67249
-25.50000 -25.67164
-25.27483 -25.66610
-25.25000 -25.66549
-25.02931 -25.66359
-25.00000 -25.66334
-24.78093 -25.66268
-24.75000 -25.66259
-24.53149 -25.66237
-24.50000 -25.66234
-24.28162 -25.66229
-24.25000 -25.66229
-24.03171 -25.66224
-24.00000 -25.66224
-23.78172 -25.66224
-23.75000 -25.66224
-23.53172 -25.66224
-23.50000 -25.66224
-23.28172 -25.66224
-23.25000 -25.66224
-23.03172 -25.66224
-23.00000 -25.66224
-22.78172 -25.66224
-22.75000 -25.66224
-22.53172 -25.66224
-22.50000 -25.66224
-22.28172 -25.66224
-22.25000 -25.66224
-22.03172 -25.66224
-22.00000 -25.66224
-21.78172 -25.66224
-21.75000 -25.66224
-21.53180 -25.66219
-21.50000 -25.66219
-21.28189 -25.66214
-21.25000 -25.66214
-21.03198 -25.66209
-21.00000 -25.66209
-20.78253 -25.66178
-20.75000 -25.66174
-20.53308 -25.66148
-20.50000 -25.66144
-20.28377 -25.66109
-20.25000 -25.66104
-20.03494 -25.66043
-20.00000 -25.66034
-19.78702 -25.65927
-19.75000 -25.65909
-19.54064 -25.65724
-19.50000 -25.65689
-19.29693 -25.65372
-19.25000 -25.65299
-19.05778 -25.64764
-19.00000 -25.64604
-18.82594 -25.63747
-18.75000 -25.63374
-18.60517 -25.62111
-18.50000 -25.61194
-18.39925 -25.59642
-18.25000 -25.57344
-18.20970 -25.56257
-18.12598 -25.54000
-18.04094 -25.51707
-18.00000 -25.50604
-17.89627 -25.45809
-17.77058 -25.40000
-17.75931 -25.39479
-17.75000 -25.39049
-17.64872 -25.31672
-17.57086 -25.26000
-17.54006 -25.23757
-17.50000 -25.20839
-17.43461 -25.15662
-17.38835 -25.12000
-17.33103 -25.07463
-17.25000 -25.01049
-17.21303 -25.00070
-17.13478 -24.98000
-17.04325 -24.95578
-17.00000 -24.94434
-16.81759 -24.94215
-16.75000 -24.94134
-16.56917 -24.94126
-16.50000 -24.94124
-16.31941 -24.94113
-16.25000 -24.94109
-16.06994 -24.94083
-16.00000 -24.94074
-15.82075 -24.94038
-15.75000 -24.94024
-15.57228 -24.93953
-15.50000 -24.93924
-15.32492 -24.93805
-15.25000 -24.93754
-15.07954 -24.93546
-15.00000 -24.93449
-14.83760 -24.93095
-14.75000 -24.92904
-14.60116 -24.92335
-14.50000 -24.91949
-14.37323 -24.91099
-14.25000 -24.90274
-14.15728 -24.89192
-14.00000 -24.87359
-13.95574 -24.86479
-13.83106 -24.84000
-13.77124 -24.82811
-13.75000 -24.82389
-13.61039 -24.77818
-13.50000 -24.74204
-13.46055 -24.72209
-13.41686 -24.70000
-13.32917 -24.65566
-13.25000 -24.61564
-13.20584 -24.58473
-13.17052 -24.56000
-13.09473 -24.50695
-13.00000 -24.44064
-12.98533 -24.42822
-12.97562 -24.42000
-12.88578 -24.34396
-12.81021 -24.28000
-12.78624 -24.25971
-12.75000 -24.22904
-12.68994 -24.17363
-12.65347 -24.14000
-12.59550 -24.08652
-12.50170 -24.00000
