-35.00000 -29.38588
-34.79503 -29.38379
-34.75000 -29.38333
-34.55610 -29.37980
-34.50000 -29.37878
-34.32463 -29.37313
-34.25000 -29.37073
-34.10429 -29.36246
-34.00000 -29.35653
-33.89884 -29.34642
-33.75000 -29.33153
-33.70965 -29.32453
-33.62597 -29.31000
-33.54098 -29.29525
-33.50000 -29.28813
-33.39614 -29.25739
-33.26983 -29.22000
-33.25895 -29.21678
-33.25000 -29.21413
-33.15025 -29.16591
-33.07596 -29.13000
-33.04354 -29.11433
-33.00000 -29.09328
-32.95087 -29.05769
-32.92645 -29.04000
-32.86787 -28.99757
-32.80221 -28.95000
-32.78488 -28.93744
-32.75000 -28.91218
-32.70939 -28.87462
-32.69359 -28.86000
-32.63935 -28.80983
-32.59629 -28.77000
-32.56931 -28.74505
-32.50000 -28.68093
-32.49931 -28.68025
-32.49906 -28.68000
-32.43288 -28.61416
-32.40859 -28.59000
-32.36645 -28.54808
-32.31812 -28.50000
-32.30002 -28.48199
-32.25000 -28.43223
-32.23365 -28.41589
-32.22776 -28.41000
-32.16746 -28.34971
-32.13775 -28.32000
-32.10128 -28.28354
-32.04773 -28.23000
-32.03509 -28.21737
-32.00000 -28.18228
-31.96889 -28.15120
-31.95768 -28.14000
-31.90268 -28.08504
-31.86761 -28.05000
-31.83646 -28.01887
-31.77754 -27.96000
-31.77025 -27.95271
-31.75000 -27.93248
-31.70388 -27.88660
-31.68719 -27.87000
-31.63745 -27.82052
-31.59672 -27.78000
-31.57102 -27.75443
-31.50625 -27.69000
-31.50459 -27.68835
-31.50000 -27.68378
-31.43674 -27.62277
-31.41313 -27.60000
-31.36878 -27.55724
-31.31980 -27.51000
-31.30083 -27.49170
-31.25000 -27.44268
-31.23204 -27.42647
-31.22488 -27.42000
-31.16078 -27.36212
-31.12521 -27.33000
-31.08952 -27.29777
-31.02555 -27.24000
-31.01826 -27.23342
-31.00000 -27.21693
-30.94543 -27.16964
-30.92277 -27.15000
-30.87206 -27.10606
-30.81891 -27.06000
-30.79869 -27.04247
-30.75000 -27.00028
-30.72043 -26.98064
-30.70441 -26.97000
-30.63256 -26.92228
-30.56891 -26.88000
-30.54469 -26.86391
-30.50000 -26.83423
-30.43751 -26.81250
-30.37283 -26.79000
-30.31035 -26.76827
-30.25000 -26.74728
-30.14521 -26.73772
-30.00000 -26.72448
-29.95448 -26.71639
-29.86231 -26.70000
-29.78713 -26.68663
-29.75000 -26.68003
-29.63641 -26.70000
-29.50000 -26.72398
-29.43109 -26.72481
-29.25000 -26.72698
-29.17391 -26.72739
-29.00000 -26.72833
-28.93751 -26.72250
-28.75000 -26.70498
-28.73357 -26.70591
-28.50000 -26.71918
-28.45205 -26.71726
-28.25000 -26.70918
-28.22958 -26.70735
-28.14753 -26.70000
-28.02940 -26.68942
-28.00000 -26.68678
-27.81516 -26.67654
-27.75000 -26.67293
-27.61779 -26.65760
-27.50000 -26.64393
-27.44436 -26.63003
-27.36417 -26.61000
-27.29677 -26.59316
-27.25000 -26.58148
-27.18284 -26.54418
-27.13930 -26.52000
-27.08452 -26.48957
-27.00000 -26.44263
-26.98293 -26.43614
-26.96676 -26.43000
-26.86131 -26.38993
-26.75000 -26.34763
-26.73744 -26.34452
-26.71918 -26.34000
-26.58932 -26.30785
-26.50000 -26.28573
-26.43056 -26.27500
-26.26888 -26.25000
-26.25567 -26.24796
-26.25000 -26.24708
-26.05466 -26.23032
-26.00000 -26.22563
-25.83641 -26.21889
-25.75000 -26.21533
-25.60323 -26.21284
-25.50000 -26.21108
-25.36051 -26.21022
-25.25000 -26.20953
-25.11332 -26.20920
-25.00000 -26.20893
-24.86431 -26.20885
-24.75000 -26.20878
-24.61457 -26.20875
-24.50000 -26.20873
-24.36471 -26.20870
-24.25000 -26.20868
-24.11477 -26.20868
-24.00000 -26.20868
-23.86477 -26.20868
-23.75000 -26.20868
-23.61477 -26.20868
-23.50000 -26.20868
-23.36477 -26.20868
-23.25000 -26.20868
-23.11477 -26.20868
-23.00000 -26.20868
-22.86477 -26.20868
-22.75000 -26.20868
-22.61477 -26.20868
-22.50000 -26.20868
-22.36477 -26.20868
-22.25000 -26.20868
-22.11477 -26.20868
-22.00000 -26.20868
-21.86485 -26.20865
-21.75000 -26.20863
-21.61491 -26.20863
-21.50000 -26.20863
-21.36499 -26.20860
-21.25000 -26.20858
-21.11513 -26.20855
-21.00000 -26.20853
-20.86564 -26.20837
-20.75000 -26.20823
-20.61640 -26.20810
-20.50000 -26.20798
-20.36738 -26.20774
-20.25000 -26.20753
-20.11899 -26.20716
-20.00000 -26.20683
-19.87169 -26.20619
-19.75000 -26.20558
-19.62641 -26.20449
-19.50000 -26.20338
-19.38456 -26.20156
-19.25000 -26.19943
-19.14843 -26.19657
-19.00000 -26.19238
-18.92098 -26.18845
-18.75000 -26.17993
-18.70555 -26.17600
-18.52453 -26.16000
-18.50484 -26.15826
-18.50000 -26.15783
-18.32998 -26.13121
-18.25000 -26.11868
-18.17341 -26.09757
-18.07336 -26.07000
-18.03181 -26.05855
-18.00000 -26.04978
-17.91671 -26.00998
-17.85395 -25.98000
-17.80928 -25.95866
-17.75000 -25.93033
-17.71462 -25.90274
-17.69829 -25.89000
-17.63567 -25.84116
-17.58291 -25.80000
-17.55673 -25.77958
-17.50000 -25.73533
-17.48057 -25.71699
-17.47317 -25.71000
-17.41156 -25.65184
-17.37783 -25.62000
-17.34254 -25.58669
-17.28249 -25.53000
-17.27352 -25.52153
-17.25000 -25.49933
-17.16870 -25.46927
-17.08956 -25.44000
-17.04538 -25.42366
-17.00000 -25.40688
-16.84936 -25.40423
-16.75000 -25.40248
-16.60438 -25.40242
-16.50000 -25.40238
-16.35474 -25.40229
-16.25000 -25.40223
-16.10547 -25.40203
-16.00000 -25.40188
-15.85676 -25.40157
-15.75000 -25.40133
-15.60890 -25.40080
-15.50000 -25.40038
-15.36265 -25.39945
-15.25000 -25.39868
-15.11921 -25.39709
-15.00000 -25.39563
-14.88048 -25.39303
-14.75000 -25.39018
-14.64909 -25.38633
-14.50000 -25.38063
-14.42826 -25.37583
-14.25000 -25.36388
-14.22087 -25.36049
-14.13095 -25.35000
-14.03204 -25.33847
-14.00000 -25.33473
-13.86626 -25.30814
-13.75000 -25.28503
-13.71359 -25.27311
-13.67354 -25.26000
-13.58266 -25.23024
-13.50000 -25.20318
-13.46167 -25.18380
-13.43437 -25.17000
-13.35769 -25.13123
-13.25637 -25.08000
-13.25372 -25.07866
-13.25000 -25.07678
-13.16813 -25.01947
-13.12603 -24.99000
-13.08323 -24.96004
-13.00000 -24.90178
-12.99852 -24.90053
-12.99790 -24.90000
-12.92392 -24.83739
-12.89156 -24.81000
-12.84932 -24.77425
-12.78523 -24.72000
-12.77472 -24.71110
-12.75000 -24.69018
-12.70307 -24.64689
-12.68476 -24.63000
-12.63289 -24.58216
-12.58718 -24.54000
-12.56271 -24.51742
-12.50000 -24.45958
-12.49273 -24.45262
-12.49000 -24.45000
-12.42446 -24.38720
-12.39607 -24.36000
-12.35618 -24.32177
-12.30215 -24.27000
-12.28791 -24.25635
-12.25000 -24.22003
-12.22002 -24.19079
-12.20896 -24.18000
-12.15263 -24.12505
-12.11669 -24.09000
