-35.00000 -29.43016
-34.91853 -29.42933
-34.75000 -29.42761
-34.67700 -29.42628
-34.50000 -29.42306
-34.44120 -29.42117
-34.25000 -29.41501
-34.21399 -29.41296
-34.00000 -29.40081
-33.99824 -29.40063
-33.99190 -29.40000
-33.80259 -29.38107
-33.75000 -29.37581
-33.62667 -29.35440
-33.50000 -29.33241
-33.46584 -29.32230
-33.42429 -29.31000
-33.32864 -29.28169
-33.25000 -29.25841
-33.20446 -29.23640
-33.17054 -29.22000
-33.09775 -29.18481
-33.00000 -29.13756
-32.99303 -29.13251
-32.98956 -29.13000
-32.91003 -29.07239
-32.86532 -29.04000
-32.82704 -29.01227
-32.75000 -28.95646
-32.74497 -28.95181
-32.74302 -28.95000
-32.67493 -28.88702
-32.64572 -28.86000
-32.60489 -28.82224
-32.54842 -28.77000
-32.53486 -28.75745
-32.50000 -28.72521
-32.46663 -28.69201
-32.45455 -28.68000
-32.40020 -28.62593
-32.36408 -28.59000
-32.33377 -28.55984
-32.27361 -28.50000
-32.26734 -28.49376
-32.25000 -28.47651
-32.20109 -28.42761
-32.18348 -28.41000
-32.13490 -28.36144
-32.09346 -28.32000
-32.06872 -28.29526
-32.00344 -28.23000
-32.00253 -28.22909
-32.00000 -28.22656
-31.93632 -28.16293
-31.91337 -28.14000
-31.87010 -28.09676
-31.82330 -28.05000
-31.80388 -28.03060
-31.75000 -27.97676
-31.73763 -27.96445
-31.73315 -27.96000
-31.67120 -27.89837
-31.64268 -27.87000
-31.60477 -27.83228
-31.55221 -27.78000
-31.53834 -27.76620
-31.50000 -27.72806
-31.47126 -27.70035
-31.46053 -27.69000
-31.40331 -27.63481
-31.36721 -27.60000
-31.33535 -27.56927
-31.27389 -27.51000
-31.26740 -27.50374
-31.25000 -27.48696
-31.19698 -27.43909
-31.17585 -27.42000
-31.12572 -27.37474
-31.07618 -27.33000
-31.05447 -27.31039
-31.00000 -27.26121
-30.98271 -27.24623
-30.97552 -27.24000
-30.90933 -27.18264
-30.87167 -27.15000
-30.83596 -27.11905
-30.76782 -27.06000
-30.76259 -27.05547
-30.75000 -27.04456
-30.67720 -26.99621
-30.63774 -26.97000
-30.58933 -26.93784
-30.50224 -26.88000
-30.50145 -26.87948
-30.50000 -26.87851
-30.37495 -26.83502
-30.25000 -26.79156
-30.24654 -26.79124
-30.23289 -26.79000
-30.04707 -26.77305
-30.00000 -26.76876
-29.87215 -26.74603
-29.75000 -26.72431
-29.61802 -26.74751
-29.50000 -26.76826
-29.30385 -26.77061
-29.25000 -26.77126
-29.04904 -26.77235
-29.00000 -26.77261
-28.83985 -26.75765
-28.75000 -26.74926
-28.58753 -26.75849
-28.50000 -26.76346
-28.34135 -26.75711
-28.25000 -26.75346
-28.13109 -26.74281
-28.00000 -26.73106
-27.92523 -26.72692
-27.75000 -26.71721
-27.71384 -26.71302
-27.60163 -26.70000
-27.52477 -26.69108
-27.50000 -26.68821
-27.37174 -26.65617
-27.25000 -26.62576
-27.23278 -26.61620
-27.22162 -26.61000
-27.13447 -26.56159
-27.05958 -26.52000
-27.03615 -26.50699
-27.00000 -26.48691
-26.92309 -26.45769
-26.85024 -26.43000
-26.80147 -26.41147
-26.75000 -26.39191
-26.66456 -26.37076
-26.54035 -26.34000
-26.51644 -26.33408
-26.50000 -26.33001
-26.34452 -26.30597
-26.25000 -26.29136
-26.15722 -26.28340
-26.00000 -26.26991
-25.95037 -26.26787
-25.75000 -26.25961
-25.72451 -26.25918
-25.50000 -26.25536
-25.48536 -26.25527
-25.25000 -26.25381
-25.23949 -26.25379
-25.00000 -26.25321
-24.99110 -26.25321
-24.75000 -26.25306
-24.74150 -26.25306
-24.50000 -26.25301
-24.49164 -26.25301
-24.25000 -26.25296
-24.24178 -26.25296
-24.00000 -26.25296
-23.99178 -26.25296
-23.75000 -26.25296
-23.74178 -26.25296
-23.50000 -26.25296
-23.49178 -26.25296
-23.25000 -26.25296
-23.24178 -26.25296
-23.00000 -26.25296
-22.99178 -26.25296
-22.75000 -26.25296
-22.74178 -26.25296
-22.50000 -26.25296
-22.49178 -26.25296
-22.25000 -26.25296
-22.24178 -26.25296
-22.00000 -26.25296
-21.99178 -26.25296
-21.75000 -26.25291
-21.74192 -26.25291
-21.50000 -26.25291
-21.49192 -26.25291
-21.25000 -26.25286
-21.24206 -26.25286
-21.00000 -26.25281
-20.99222 -26.25280
-20.75000 -26.25251
-20.74305 -26.25250
-20.50000 -26.25226
-20.49375 -26.25225
-20.25000 -26.25181
-20.24501 -26.25180
-20.00000 -26.25111
-19.99696 -26.25110
-19.77793 -26.25000
-19.75038 -26.24986
-19.75000 -26.24986
-19.50634 -26.24772
-19.50000 -26.24766
-19.26674 -26.24397
-19.25000 -26.24371
-19.03436 -26.23763
-19.00000 -26.23666
-18.81293 -26.22734
-18.75000 -26.22421
-18.60680 -26.21155
-18.50000 -26.20211
-18.41849 -26.18935
-18.25000 -26.16296
-18.24534 -26.16168
-18.23926 -26.16000
-18.10374 -26.12265
-18.00000 -26.09406
-17.97128 -26.08034
-17.94964 -26.07000
-17.86386 -26.02901
-17.76128 -25.98000
-17.75643 -25.97768
-17.75000 -25.97461
-17.67578 -25.91672
-17.64153 -25.89000
-17.59683 -25.85514
-17.52614 -25.80000
-17.51789 -25.79356
-17.50000 -25.77961
-17.44662 -25.72922
-17.42626 -25.71000
-17.37760 -25.66406
-17.33092 -25.62000
-17.30858 -25.59891
-17.25000 -25.54361
-17.23135 -25.53671
-17.21320 -25.53000
-17.10803 -25.49111
-17.00000 -25.45116
-16.97044 -25.45064
-16.75000 -25.44676
-16.73124 -25.44675
-16.50000 -25.44666
-16.48153 -25.44665
-16.25000 -25.44651
-16.23199 -25.44649
-16.00000 -25.44616
-15.98299 -25.44612
-15.75000 -25.44561
-15.73458 -25.44555
-15.50000 -25.44466
-15.48729 -25.44457
-15.25000 -25.44296
-15.24205 -25.44286
-15.00735 -25.44000
-15.00024 -25.43991
-15.00000 -25.43991
-14.76451 -25.43478
-14.75000 -25.43446
-14.53789 -25.42636
-14.50000 -25.42491
-14.32457 -25.41316
-14.25000 -25.40816
-14.12797 -25.39393
-14.00000 -25.37901
-13.94808 -25.36869
-13.85407 -25.35000
-13.78703 -25.33667
-13.75000 -25.32931
-13.64917 -25.29630
-13.53830 -25.26000
-13.51824 -25.25343
-13.50000 -25.24746
-13.41051 -25.20222
-13.34680 -25.17000
-13.30654 -25.14965
-13.25000 -25.12106
-13.21126 -25.09395
-13.19134 -25.08000
-13.12636 -25.03451
-13.06277 -24.99000
-13.04145 -24.97508
-13.00000 -24.94606
-12.96182 -24.91374
-12.94558 -24.90000
-12.88722 -24.85060
-12.83925 -24.81000
-12.81262 -24.78746
-12.75000 -24.73446
-12.73872 -24.72406
-12.73432 -24.72000
-12.66854 -24.65932
-12.63675 -24.63000
-12.59836 -24.59459
-12.53918 -24.54000
-12.52818 -24.52985
-12.50000 -24.50386
-12.45914 -24.46471
-12.44379 -24.45000
-12.39087 -24.39929
-12.34986 -24.36000
-12.32259 -24.33387
-12.25594 -24.27000
-12.25432 -24.26845
-12.25000 -24.26431
-12.18687 -24.20273
-12.16356 -24.18000
-12.11947 -24.13699
-12.07129 -24.09000
