-35.00000 -29.27708
-34.84583 -29.27550
-34.75000 -29.27453
-34.60583 -29.27190
-34.50000 -29.26998
-34.37258 -29.26587
-34.25000 -29.26193
-34.14941 -29.25621
-34.00000 -29.24773
-33.93973 -29.24170
-33.75000 -29.22273
-33.74489 -29.22184
-33.73430 -29.22000
-33.57623 -29.19256
-33.50000 -29.17933
-33.42481 -29.15707
-33.33336 -29.13000
-33.28761 -29.11646
-33.25000 -29.10533
-33.17255 -29.06788
-33.11486 -29.04000
-33.06583 -29.01630
-33.00000 -28.98448
-32.96821 -28.96145
-32.95241 -28.95000
-32.88521 -28.90132
-32.82817 -28.86000
-32.80222 -28.84120
-32.75000 -28.80338
-32.72403 -28.77935
-32.71392 -28.77000
-32.65399 -28.71456
-32.61662 -28.68000
-32.58395 -28.64978
-32.51932 -28.59000
-32.51391 -28.58499
-32.50000 -28.57213
-32.44676 -28.51917
-32.42750 -28.50000
-32.38033 -28.45308
-32.33703 -28.41000
-32.31390 -28.38700
-32.25000 -28.32343
-32.24748 -28.32091
-32.24657 -28.32000
-32.18129 -28.25473
-32.15656 -28.23000
-32.11511 -28.18856
-32.06654 -28.14000
-32.04892 -28.12239
-32.00000 -28.07348
-31.98273 -28.05622
-31.97651 -28.05000
-31.91651 -27.99006
-31.88643 -27.96000
-31.85030 -27.92389
-31.79636 -27.87000
-31.78408 -27.85773
-31.75000 -27.82368
-31.71776 -27.79161
-31.70610 -27.78000
-31.65133 -27.72552
-31.61563 -27.69000
-31.58490 -27.65944
-31.52516 -27.60000
-31.51847 -27.59335
-31.50000 -27.57498
-31.45094 -27.52766
-31.43263 -27.51000
-31.38298 -27.46213
-31.33930 -27.42000
-31.31503 -27.39659
-31.25000 -27.33388
-31.24693 -27.33110
-31.24571 -27.33000
-31.17567 -27.26676
-31.14604 -27.24000
-31.10441 -27.20241
-31.04637 -27.15000
-31.03315 -27.13806
-31.00000 -27.10813
-30.96077 -27.07412
-30.94447 -27.06000
-30.88739 -27.01054
-30.84061 -26.97000
-30.81402 -26.94695
-30.75000 -26.89148
-30.73880 -26.88403
-30.73272 -26.88000
-30.65092 -26.82567
-30.59722 -26.79000
-30.56305 -26.76730
-30.50000 -26.72543
-30.46408 -26.71293
-30.42690 -26.70000
-30.33692 -26.66871
-30.25000 -26.63848
-30.18689 -26.63272
-30.00000 -26.61568
-29.98945 -26.61380
-29.96808 -26.61000
-29.82210 -26.58404
-29.75000 -26.57123
-29.52944 -26.61000
-29.50000 -26.61518
-29.48513 -26.61535
-29.25000 -26.61818
-29.22694 -26.61830
-29.00000 -26.61953
-28.97899 -26.61756
-28.89801 -26.61000
-28.78049 -26.59902
-28.75000 -26.59618
-28.50661 -26.61000
-28.50000 -26.61038
-28.49906 -26.61034
-28.49061 -26.61000
-28.27406 -26.60134
-28.25000 -26.60038
-28.07123 -26.58436
-28.00000 -26.57798
-27.86043 -26.57024
-27.75000 -26.56413
-27.65730 -26.55337
-27.50000 -26.53513
-27.47520 -26.52893
-27.43945 -26.52000
-27.32761 -26.49206
-27.25000 -26.47268
-27.20338 -26.44678
-27.17316 -26.43000
-27.10506 -26.39218
-27.01112 -26.34000
-27.00675 -26.33757
-27.00000 -26.33383
-26.88672 -26.29078
-26.77941 -26.25000
-26.76510 -26.24456
-26.75000 -26.23883
-26.62027 -26.20670
-26.50000 -26.17693
-26.46711 -26.17184
-26.39052 -26.16000
-26.29222 -26.14480
-26.25000 -26.13828
-26.09685 -26.12514
-26.00000 -26.11683
-25.88329 -26.11202
-25.75000 -26.10653
-25.65312 -26.10488
-25.50000 -26.10228
-25.41186 -26.10173
-25.25000 -26.10073
-25.16522 -26.10052
-25.00000 -26.10013
-24.91646 -26.10008
-24.75000 -26.09998
-24.66678 -26.09996
-24.50000 -26.09993
-24.41692 -26.09991
-24.25000 -26.09988
-24.16701 -26.09988
-24.00000 -26.09988
-23.91701 -26.09988
-23.75000 -26.09988
-23.66701 -26.09988
-23.50000 -26.09988
-23.41701 -26.09988
-23.25000 -26.09988
-23.16701 -26.09988
-23.00000 -26.09988
-22.91701 -26.09988
-22.75000 -26.09988
-22.66701 -26.09988
-22.50000 -26.09988
-22.41701 -26.09988
-22.25000 -26.09988
-22.16701 -26.09988
-22.00000 -26.09988
-21.91706 -26.09986
-21.75000 -26.09983
-21.66715 -26.09983
-21.50000 -26.09983
-21.41720 -26.09981
-21.25000 -26.09978
-21.16734 -26.09976
-21.00000 -26.09973
-20.91770 -26.09963
-20.75000 -26.09943
-20.66849 -26.09934
-20.50000 -26.09918
-20.41936 -26.09903
-20.25000 -26.09873
-20.17082 -26.09850
-20.00000 -26.09803
-19.92322 -26.09764
-19.75000 -26.09678
-19.67740 -26.09614
-19.50000 -26.09458
-19.43460 -26.09354
-19.25000 -26.09063
-19.19687 -26.08913
-19.00000 -26.08358
-18.96687 -26.08193
-18.75000 -26.07113
-18.74749 -26.07090
-18.73727 -26.07000
-18.54678 -26.05316
-18.50000 -26.04903
-18.36638 -26.02810
-18.25000 -26.00988
-18.20300 -25.99692
-18.14160 -25.98000
-18.06140 -25.95790
-18.00000 -25.94098
-17.93916 -25.91190
-17.89331 -25.89000
-17.83173 -25.86058
-17.75000 -25.82153
-17.73112 -25.80680
-17.72240 -25.80000
-17.65217 -25.74522
-17.60702 -25.71000
-17.57322 -25.68364
-17.50000 -25.62653
-17.49500 -25.62180
-17.49309 -25.62000
-17.42598 -25.55665
-17.39775 -25.53000
-17.35696 -25.49149
-17.30241 -25.44000
-17.28794 -25.42634
-17.25000 -25.39053
-17.19447 -25.36999
-17.14041 -25.35000
-17.07115 -25.32439
-17.00000 -25.29808
-16.89916 -25.29630
-16.75000 -25.29368
-16.65656 -25.29364
-16.50000 -25.29358
-16.40689 -25.29352
-16.25000 -25.29343
-16.15751 -25.29330
-16.00000 -25.29308
-15.90868 -25.29287
-15.75000 -25.29253
-15.66059 -25.29219
-15.50000 -25.29158
-15.41392 -25.29099
-15.25000 -25.28988
-15.16973 -25.28890
-15.00000 -25.28683
-14.92974 -25.28529
-14.75000 -25.28138
-14.69632 -25.27932
-14.50000 -25.27183
-14.47231 -25.26997
-14.32350 -25.26000
-14.26153 -25.25585
-14.25000 -25.25508
-14.07149 -25.23426
-14.00000 -25.22593
-13.89992 -25.20603
-13.75000 -25.17623
-13.74094 -25.17326
-13.73098 -25.17000
-13.61002 -25.13039
-13.50000 -25.09438
-13.48339 -25.08598
-13.47157 -25.08000
-13.37942 -25.03341
-13.29356 -24.99000
-13.27544 -24.98084
-13.25000 -24.96798
-13.18587 -24.92309
-13.15289 -24.90000
-13.10097 -24.86365
-13.02432 -24.81000
-13.01606 -24.80422
-13.00000 -24.79298
-12.93951 -24.74178
-12.91378 -24.72000
-12.86491 -24.67863
-12.80745 -24.63000
-12.79031 -24.61549
-12.75000 -24.58138
-12.71774 -24.55162
-12.70514 -24.54000
-12.64755 -24.48688
-12.60757 -24.45000
-12.57737 -24.42215
-12.51000 -24.36000
-12.50719 -24.35741
-12.50000 -24.35078
-12.43872 -24.29206
-12.41570 -24.27000
-12.37045 -24.22664
-12.32177 -24.18000
-12.30217 -24.16122
-12.25000 -24.11123
-12.23411 -24.09572
-12.22824 -24.09000
