-35.00000 -29.23484
-34.95990 -29.23444
-34.75000 -29.23229
-34.71749 -29.23170
-34.50000 -29.22774
-34.48025 -29.22711
-34.25950 -29.22000
-34.25078 -29.21972
-34.25000 -29.21969
-34.03480 -29.20747
-34.00000 -29.20549
-33.83588 -29.18908
-33.75000 -29.18049
-33.65537 -29.16407
-33.50000 -29.13709
-33.48919 -29.13389
-33.47603 -29.13000
-33.35199 -29.09328
-33.25000 -29.06309
-33.22262 -29.04986
-33.20225 -29.04000
-33.11594 -28.99826
-33.01614 -28.95000
-33.00925 -28.94667
-33.00000 -28.94219
-32.92419 -28.88729
-32.88650 -28.86000
-32.84118 -28.82718
-32.76223 -28.77000
-32.75817 -28.76706
-32.75000 -28.76114
-32.68685 -28.70273
-32.66228 -28.68000
-32.61681 -28.63795
-32.56498 -28.59000
-32.54678 -28.57316
-32.50000 -28.52989
-32.47793 -28.50794
-32.46994 -28.50000
-32.41149 -28.44186
-32.37946 -28.41000
-32.34505 -28.37578
-32.28897 -28.32000
-32.27861 -28.30970
-32.25000 -28.28124
-32.21231 -28.24357
-32.19874 -28.23000
-32.14611 -28.17740
-32.10870 -28.14000
-32.07992 -28.11123
-32.01866 -28.05000
-32.01372 -28.04506
-32.00000 -28.03134
-31.94749 -27.97890
-31.92857 -27.96000
-31.88126 -27.91275
-31.83846 -27.87000
-31.81503 -27.84659
-31.75000 -27.78164
-31.74878 -27.78044
-31.74834 -27.78000
-31.68219 -27.71441
-31.65756 -27.69000
-31.61559 -27.64839
-31.56678 -27.60000
-31.54899 -27.58236
-31.50000 -27.53379
-31.48170 -27.51659
-31.47469 -27.51000
-31.41248 -27.45151
-31.37897 -27.42000
-31.34326 -27.38643
-31.28324 -27.33000
-31.27404 -27.32135
-31.25000 -27.29874
-31.20124 -27.25755
-31.18046 -27.24000
-31.12654 -27.19445
-31.07393 -27.15000
-31.05184 -27.13134
-31.00000 -27.08754
-30.97637 -27.06851
-30.96581 -27.06000
-30.89916 -27.00630
-30.85409 -26.97000
-30.82194 -26.94410
-30.75000 -26.88614
-30.74330 -26.88241
-30.73896 -26.88000
-30.64509 -26.82777
-30.57720 -26.79000
-30.54687 -26.77313
-30.50000 -26.74704
-30.42149 -26.72826
-30.30333 -26.70000
-30.27129 -26.69234
-30.25000 -26.68724
-30.05265 -26.68105
-30.00000 -26.67939
-29.86782 -26.65758
-29.75000 -26.63814
-29.58248 -26.67031
-29.50000 -26.68614
-29.27955 -26.68936
-29.25000 -26.68979
-29.02447 -26.69119
-29.00000 -26.69134
-28.82185 -26.67413
-28.75000 -26.66719
-28.55999 -26.67840
-28.50000 -26.68194
-28.32077 -26.67452
-28.25000 -26.67159
-28.11409 -26.65893
-28.00000 -26.64829
-27.90834 -26.64300
-27.75000 -26.63384
-27.70049 -26.62782
-27.55391 -26.61000
-27.51361 -26.60510
-27.50000 -26.60344
-27.36649 -26.56806
-27.25000 -26.53719
-27.23231 -26.52637
-27.22190 -26.52000
-27.13970 -26.46971
-27.07479 -26.43000
-27.04708 -26.41305
-27.00000 -26.38424
-26.94540 -26.35965
-26.90177 -26.34000
-26.83435 -26.30963
-26.75000 -26.27164
-26.71812 -26.26148
-26.68215 -26.25000
-26.58558 -26.21919
-26.50000 -26.19189
-26.44453 -26.17997
-26.35166 -26.16000
-26.28801 -26.14632
-26.25000 -26.13814
-26.10996 -26.12041
-26.00000 -26.10649
-25.91368 -26.10107
-25.75000 -26.09079
-25.69619 -26.08937
-25.50000 -26.08419
-25.46164 -26.08381
-25.25000 -26.08169
-25.21782 -26.08158
-25.00000 -26.08084
-24.96998 -26.08081
-24.75000 -26.08054
-24.72074 -26.08053
-24.50000 -26.08044
-24.47101 -26.08044
-24.25000 -26.08039
-24.22113 -26.08039
-24.00000 -26.08039
-23.97113 -26.08039
-23.75000 -26.08039
-23.72113 -26.08039
-23.50000 -26.08039
-23.47113 -26.08039
-23.25000 -26.08039
-23.22113 -26.08039
-23.00000 -26.08039
-22.97113 -26.08039
-22.75000 -26.08039
-22.72113 -26.08039
-22.50000 -26.08039
-22.47113 -26.08039
-22.25000 -26.08039
-22.22113 -26.08039
-22.00000 -26.08039
-21.97113 -26.08039
-21.75000 -26.08039
-21.72114 -26.08039
-21.50000 -26.08034
-21.47128 -26.08034
-21.25000 -26.08029
-21.22142 -26.08029
-21.00000 -26.08024
-20.97167 -26.08020
-20.75000 -26.07984
-20.72275 -26.07981
-20.50000 -26.07954
-20.47361 -26.07950
-20.25000 -26.07914
-20.22480 -26.07907
-20.00000 -26.07844
-19.97687 -26.07833
-19.75000 -26.07719
-19.73048 -26.07703
-19.50000 -26.07504
-19.48657 -26.07483
-19.25000 -26.07114
-19.24705 -26.07106
-19.20855 -26.07000
-19.01485 -26.06465
-19.00000 -26.06424
-18.79413 -26.05411
-18.75000 -26.05194
-18.58898 -26.03797
-18.50000 -26.03024
-18.40217 -26.01522
-18.25000 -25.99184
-18.23116 -25.98678
-18.20590 -25.98000
-18.08798 -25.94833
-18.00000 -25.92469
-17.95765 -25.90525
-17.92445 -25.89000
-17.84779 -25.85480
-17.75000 -25.80989
-17.74083 -25.80330
-17.73624 -25.80000
-17.65740 -25.74334
-17.61103 -25.71000
-17.57398 -25.68337
-17.50000 -25.63019
-17.49096 -25.62326
-17.48671 -25.62000
-17.41111 -25.56200
-17.36940 -25.53000
-17.33127 -25.50074
-17.25209 -25.44000
-17.25142 -25.43949
-17.25000 -25.43839
-17.10523 -25.40212
-17.00000 -25.37574
-16.93065 -25.37497
-16.75000 -25.37294
-16.68634 -25.37292
-16.50000 -25.37284
-16.43665 -25.37281
-16.25000 -25.37269
-16.18717 -25.37262
-16.00000 -25.37239
-15.93817 -25.37226
-15.75000 -25.37184
-15.68999 -25.37160
-15.50000 -25.37084
-15.44317 -25.37046
-15.25000 -25.36914
-15.19857 -25.36852
-15.00000 -25.36609
-14.95782 -25.36518
-14.75000 -25.36069
-14.72314 -25.35967
-14.50000 -25.35114
-14.49732 -25.35096
-14.48298 -25.35000
-14.28665 -25.33681
-14.25000 -25.33434
-14.09401 -25.31616
-14.00000 -25.30519
-13.91912 -25.28912
-13.77267 -25.26000
-13.75806 -25.25710
-13.75000 -25.25549
-13.62563 -25.21477
-13.50000 -25.17364
-13.49579 -25.17152
-13.49279 -25.17000
-13.39179 -25.11896
-13.31471 -25.08000
-13.28779 -25.06639
-13.25000 -25.04729
-13.19596 -25.00945
-13.16817 -24.99000
-13.11107 -24.95001
-13.03964 -24.90000
-13.02618 -24.89058
-13.00000 -24.87224
-12.94841 -24.82857
-12.92646 -24.81000
-12.87380 -24.76543
-12.82013 -24.72000
-12.79920 -24.70229
-12.75000 -24.66064
-12.72610 -24.63860
-12.71678 -24.63000
-12.65592 -24.57387
-12.61921 -24.54000
-12.58574 -24.50913
-12.52163 -24.45000
-12.51556 -24.44440
-12.50000 -24.43004
-12.44686 -24.37913
-12.42690 -24.36000
-12.37859 -24.31371
-12.33297 -24.27000
-12.31031 -24.24829
-12.25000 -24.19049
-12.24214 -24.18283
-12.23924 -24.18000
-12.17475 -24.11709
-12.14697 -24.09000
