-35.	-29.277075539499997
-34.84582512290654	-29.275502955753645
-34.75	-29.274525539499997
-34.605828822051826	-29.271901624061343
-34.5	-29.2699755395
-34.372576390872005	-29.265872499286075
-34.25	-29.261925539499998
-34.14941089371401	-29.256212078262955
-34.	-29.2477255395
-33.939727088043476	-29.241698248304345
-33.75	-29.222725539499997
-33.744892167353825	-29.221838819752623
-33.73429988767281	-29.22
-33.57622650018741	-29.19255845993253
-33.5	-29.1793255395
-33.42480862881098	-29.157068893628047
-33.333359663851354	-29.13
-33.287613506859756	-29.116459137530487
-33.25	-29.105325539499997
-33.17254500889258	-29.06788379679867
-33.114862351055024	-29.04
-33.06583407695044	-29.016299732297842
-33.	-28.9844755395
-32.96820772823681	-28.961445217834747
-32.95240814536168	-28.95
-32.88521252351531	-28.901323491534487
-32.828167394395365	-28.86
-32.8022173187938	-28.84120176523423
-32.75	-28.8033755395
-32.72402681750973	-28.779350345696496
-32.71391833567568	-28.77
-32.65398790700389	-28.7145643534786
-32.616621038378376	-28.68
-32.58394899649805	-28.6497783612607
-32.51932374108108	-28.59
-32.513910085992215	-28.5849923690428
-32.5	-28.5721255395
-32.44676296169176	-28.519165333790966
-32.427497447225576	-28.5
-32.38033249224978	-28.45308030279008
-32.337027000904705	-28.41
-32.313902022807795	-28.386995271789193
-32.25	-28.3234255395
-32.24748085049272	-28.32090689382262
-32.24657377525505	-28.32
-32.18129464663921	-28.254733927209884
-32.15655577165433	-28.23
-32.115108442785704	-28.188560960597147
-32.066537768053614	-28.14
-32.0489222389322	-28.12238799398441
-32.	-28.073475539500002
-31.98272841414067	-28.05621777090936
-31.976505665032025	-28.05
-31.916512993304885	-27.990055322410242
-31.88643360738591	-27.96
-31.8502975724691	-27.923892873911125
-31.796361549739792	-27.87
-31.784082151633314	-27.857730425412008
-31.75	-27.8236755395
-31.717762371198702	-27.79160554636847
-31.70609616053478	-27.78
-31.651331901756716	-27.725520515367585
-31.615625714213913	-27.69
-31.584901432314734	-27.659435484366696
-31.525155267893044	-27.6
-31.518470962872748	-27.59335045336581
-31.5	-27.574975539500002
-31.450939640969494	-27.527661729250983
-31.432625944110328	-27.51
-31.382984340456055	-27.462125637435822
-31.339303671194525	-27.42
-31.315029039942615	-27.39658954562066
-31.25	-27.3338755395
-31.246931480997624	-27.331104666840854
-31.24570815116279	-27.33
-31.175672573634206	-27.266757873491684
-31.146040377076414	-27.24
-31.104413666270784	-27.202411080142515
-31.046372602990033	-27.15
-31.033154758907365	-27.138064286793348
-31.	-27.108125539499998
-30.96076509090168	-27.074124567275394
-30.944466259519963	-27.06
-30.887391537991196	-27.010539046323167
-30.840612116893606	-26.97
-30.81401798508071	-26.946953525370944
-30.75	-26.8914755395
-30.738795606815074	-26.88403358154657
-30.73272276498043	-26.88
-30.650922144600663	-26.82566802794376
-30.597221409966878	-26.79
-30.563048682386253	-26.767302474340948
-30.5	-26.725425539499998
-30.464078073608363	-26.712931893500986
-30.426896091144336	-26.7
-30.336923510172365	-26.668707536337948
-30.25	-26.6384755395
-30.186889318484045	-26.632719845345743
-30.	-26.6156755395
-29.989446746931947	-26.6137991711045
-29.96807908042745	-26.61
-29.8220982902566	-26.584044615507622
-29.75	-26.5712255395
-29.529439928896473	-26.61
-29.5	-26.6151755395
-29.485127760057473	-26.61535400637931
-29.25	-26.6181755395
-29.226944333051325	-26.618300040101524
-29.	-26.6195255395
-28.978990870092634	-26.61756328676665
-28.89801349571735	-26.61
-28.780490649536834	-26.59902336616674
-28.75	-26.5961755395
-28.50661161091548	-26.61
-28.5	-26.610375539499998
-28.49906115125	-26.61033798555
-28.490611512500017	-26.61
-28.274061151250002	-26.60133798555
-28.25	-26.6003755395
-28.07122878225089	-26.58435763838968
-28.	-26.5779755395
-27.8604344258546	-26.570243606692344
-27.75	-26.5641255395
-27.657299286764708	-26.553372256764707
-27.5	-26.5351255395
-27.47519590111512	-26.528929475598556
-27.43944940152122	-26.52
-27.327606527550017	-26.492061650081993
-27.25	-26.4726755395
-27.203380446253004	-26.44678303934892
-27.173162514404034	-26.43
-27.105062770919815	-26.392177402468867
-27.01111714169968	-26.34
-27.00674509558663	-26.337571765588812
-27.	-26.333825539499998
-26.886722243918918	-26.29077999218919
-26.779406475000002	-26.25
-26.765100622297297	-26.244563775972974
-26.75	-26.2388255395
-26.62026738067808	-26.20670374295589
-26.5	-26.1769255395
-26.467109328604742	-26.171840641702293
-26.390520443078916	-26.16
-26.292216207734164	-26.1448021652157
-26.25	-26.1382755395
-26.096847152310453	-26.125135025168237
-26.	-26.1168255395
-25.883286292372883	-26.112016934745764
-25.75	-26.106525539499998
-25.65311527984085	-26.104878499257293
-25.5	-26.1022755395
-25.41186362779902	-26.101729093992354
-25.25	-26.1007255395
-25.165216502483446	-26.10052205910596
-25.	-26.1001255395
-24.916457183860235	-26.100075413810316
-24.75	-26.0999755395
-24.666780845363686	-26.099958895669072
-24.5	-26.0999255395
-24.416919657134926	-26.09990892343143
-24.25	-26.0998755395
-24.16701239027778	-26.0998755395
-24.	-26.0998755395
-23.91701239027778	-26.0998755395
-23.75	-26.0998755395
-23.66701239027778	-26.0998755395
-23.5	-26.0998755395
-23.41701239027778	-26.0998755395
-23.25	-26.0998755395
-23.16701239027778	-26.0998755395
-23.	-26.0998755395
-22.91701239027778	-26.0998755395
-22.75	-26.0998755395
-22.66701239027778	-26.0998755395
-22.5	-26.0998755395
-22.41701239027778	-26.0998755395
-22.25	-26.0998755395
-22.16701239027778	-26.0998755395
-22.	-26.0998755395
-21.917058468906163	-26.09985895119378
-21.75	-26.0998255395
-21.667151279166667	-26.0998255395
-21.5	-26.0998255395
-21.417197280677403	-26.099808978956137
-21.25	-26.0997755395
-21.167336092448643	-26.09975900671849
-21.	-26.0997255395
-20.917703379014398	-26.099626783554818
-20.75	-26.0994255395
-20.668488810249308	-26.09934402831025
-20.5	-26.0991755395
-20.419360034549474	-26.099030387562188
-20.25	-26.0987255395
-20.170822658489527	-26.09850384294377
-20.	-26.0980255395
-19.923217700000002	-26.097641627999998
-19.75	-26.0967755395
-19.677398211767898	-26.096136643763558
-19.5	-26.0945755395
-19.434604737892496	-26.093542294358702
-19.25	-26.0906255395
-19.196868780267906	-26.089127239103554
-19.	-26.0835755395
-18.966872768423624	-26.081925803367497
-18.75	-26.0711255395
-18.747489876226584	-26.07090364455843
-18.73726765271494	-26.07
-18.546776227698484	-26.053160558028544
-18.5	-26.0490255395
-18.366384940960124	-26.028101421254355
-18.25	-26.0098755395
-18.202996319225928	-25.996921325078667
-18.141598187590713	-25.98
-18.061397829609817	-25.957896781340466
-18.	-25.940975539500002
-17.93915547923132	-25.911904027476726
-17.893311972582673	-25.89
-17.831731272976846	-25.860576741728337
-17.75	-25.8215255395
-17.731117947807018	-25.806797538789475
-17.72240315448718	-25.8
-17.652170579385967	-25.745218591421054
-17.607018539102565	-25.71
-17.573223210964912	-25.683639644052633
-17.5	-25.6265255395
-17.494995751917177	-25.621801529309817
-17.493087352224578	-25.62
-17.4259773470092	-25.556648155076687
-17.39774836917373	-25.53
-17.356958942101226	-25.49149478084356
-17.302409386122882	-25.44
-17.28794053719325	-25.42634140661043
-17.25	-25.3905255395
-17.194470348725677	-25.36999067445876
-17.14041227825852	-25.35
-17.071148890792	-25.324386399314882
-17.	-25.2980755395
-16.899164355137714	-25.296300832150425
-16.75	-25.2936755395
-16.656560656215316	-25.293638163762488
-16.5	-25.2935755395
-16.406889796173047	-25.293519673377705
-16.25	-25.2934255395
-16.157510958771446	-25.29329605484228
-16.	-25.293075539500002
-15.9086815585312	-25.29287463892877
-15.75	-25.2925255395
-15.66059499862562	-25.292185800494778
-15.5	-25.291575539500002
-15.413916195474373	-25.290990169629225
-15.25	-25.289875539500002
-15.169732564481462	-25.288896276786677
-15.	-25.2868255395
-14.92973928889471	-25.285293855997907
-14.75	-25.2813755395
-14.696319589402313	-25.27932494781517
-14.5	-25.2718255395
-14.472305528103046	-25.269970009882904
-14.323499410447772	-25.26
-14.261532694379392	-25.25584823002342
-14.25	-25.2550755395
-14.071494881451951	-25.2342618426773
-14.	-25.2259255395
-13.899918504831783	-25.20602933826056
-13.75	-25.176225539500003
-13.740943352487635	-25.173260393104453
-13.73098491295052	-25.17
-13.61001521748618	-25.130394521704975
-13.5	-25.0943755395
-13.483392398914049	-25.085978736390942
-13.471567366495254	-25.08
-13.379418276917745	-25.03340942030961
-13.293561037381329	-24.99
-13.275444154921441	-24.980840104228278
-13.25	-24.9679755395
-13.18587213254717	-24.923086032283017
-13.152892086428572	-24.9
-13.100966472169812	-24.863652070018865
-13.024320657857142	-24.81
-13.016060811792453	-24.804218107754714
-13.	-24.7929755395
-12.93950966553382	-24.741776520407825
-12.913781262405482	-24.72
-12.864907543517905	-24.678633284333554
-12.807448559191872	-24.63
-12.790305421501989	-24.615490048259282
-12.75	-24.581375539499998
-12.71773585503743	-24.551615092186523
-12.705143604184736	-24.54
-12.647554944245165	-24.48688022007174
-12.607572051712923	-24.45
-12.577374033452902	-24.422145347956956
-12.51000049924111	-24.36
-12.507193122660636	-24.35741047584217
-12.5	-24.3507755395
-12.438722849719314	-24.292059774101045
-12.415700751930704	-24.27
-12.370447929373388	-24.22663874542558
-12.321774640471718	-24.18
-12.302173009027461	-24.161217716750112
-12.25	-24.111225539499998
-12.234105481878089	-24.095722026523887
-12.228239143428338	-24.09
