-35.00000 -29.64314
-34.82945 -29.64140
-34.75000 -29.64059
-34.58980 -29.63767
-34.50000 -29.63604
-34.35712 -29.63144
-34.25000 -29.62799
-34.13487 -29.62145
-34.00000 -29.61379
-33.92655 -29.60644
-33.75000 -29.58879
-33.73353 -29.58593
-33.69938 -29.58000
-33.56486 -29.55665
-33.50000 -29.54539
-33.41554 -29.52041
-33.31275 -29.49000
-33.27830 -29.47981
-33.25000 -29.47144
-33.16532 -29.43049
-33.10228 -29.40000
-33.05863 -29.37889
-33.00000 -29.35054
-32.96262 -29.32346
-32.94404 -29.31000
-32.87962 -29.26334
-32.81980 -29.22000
-32.79663 -29.20321
-32.75000 -29.16944
-32.71930 -29.14105
-32.70735 -29.13000
-32.64925 -29.07627
-32.61004 -29.04000
-32.57920 -29.01149
-32.51272 -28.95000
-32.50915 -28.94670
-32.50000 -28.93824
-32.44225 -28.88079
-32.42135 -28.86000
-32.37582 -28.81470
-32.33088 -28.77000
-32.30939 -28.74862
-32.25000 -28.68954
-32.24298 -28.68253
-32.24046 -28.68000
-32.17679 -28.61636
-32.15042 -28.59000
-32.11059 -28.55019
-32.06039 -28.50000
-32.04440 -28.48402
-32.00000 -28.43964
-31.97819 -28.41785
-31.97033 -28.41000
-31.91195 -28.35170
-31.88022 -28.32000
-31.84572 -28.28554
-31.79011 -28.23000
-31.77948 -28.21939
-31.75000 -28.18994
-31.71305 -28.15330
-31.69963 -28.14000
-31.64645 -28.08728
-31.60885 -28.05000
-31.57985 -28.02125
-31.51807 -27.96000
-31.51325 -27.95523
-31.50000 -27.94209
-31.44455 -27.88996
-31.42331 -27.87000
-31.37532 -27.82489
-31.32757 -27.78000
-31.30609 -27.75981
-31.25000 -27.70709
-31.23582 -27.69511
-31.22978 -27.69000
-31.16113 -27.63199
-31.12327 -27.60000
-31.08644 -27.56888
-31.01676 -27.51000
-31.01175 -27.50577
-31.00000 -27.49584
-30.93493 -27.44343
-30.90584 -27.42000
-30.85770 -27.38123
-30.79409 -27.33000
-30.78047 -27.31903
-30.75000 -27.29449
-30.69055 -27.26140
-30.65211 -27.24000
-30.59237 -27.20675
-30.50000 -27.15534
-30.49109 -27.15321
-30.47766 -27.15000
-30.34084 -27.11730
-30.25000 -27.09559
-30.15912 -27.09272
-30.00000 -27.08769
-29.94724 -27.07899
-29.83199 -27.06000
-29.77575 -27.05073
-29.75000 -27.04649
-29.67955 -27.06000
-29.50000 -27.09444
-29.40029 -27.09589
-29.25000 -27.09809
-29.14228 -27.09878
-29.00000 -27.09969
-28.91312 -27.09128
-28.75000 -27.07549
-28.69851 -27.07854
-28.50000 -27.09029
-28.42458 -27.08715
-28.25000 -27.07989
-28.20612 -27.07580
-28.03661 -27.06000
-28.00753 -27.05729
-28.00000 -27.05659
-27.79275 -27.04461
-27.75000 -27.04214
-27.60021 -27.02392
-27.50000 -27.01174
-27.43320 -26.99405
-27.34238 -26.97000
-27.28915 -26.95591
-27.25000 -26.94554
-27.18257 -26.90427
-27.14291 -26.88000
-27.08998 -26.84761
-27.00000 -26.79254
-26.99687 -26.79113
-26.99436 -26.79000
-26.88581 -26.74111
-26.79454 -26.70000
-26.77476 -26.69109
-26.75000 -26.67994
-26.64700 -26.64708
-26.53076 -26.61000
-26.51445 -26.60480
-26.50000 -26.60019
-26.36054 -26.57020
-26.25000 -26.54644
-26.19567 -26.53956
-26.04117 -26.52000
-26.01071 -26.51614
-26.00000 -26.51479
-25.79937 -26.50223
-25.75000 -26.49914
-25.57116 -26.49438
-25.50000 -26.49249
-25.33111 -26.49080
-25.25000 -26.48999
-25.08493 -26.48943
-25.00000 -26.48914
-24.83627 -26.48894
-24.75000 -26.48884
-24.58674 -26.48877
-24.50000 -26.48874
-24.33684 -26.48874
-24.25000 -26.48874
-24.08693 -26.48871
-24.00000 -26.48869
-23.83698 -26.48869
-23.75000 -26.48869
-23.58698 -26.48869
-23.50000 -26.48869
-23.33698 -26.48869
-23.25000 -26.48869
-23.08698 -26.48869
-23.00000 -26.48869
-22.83698 -26.48869
-22.75000 -26.48869
-22.58698 -26.48869
-22.50000 -26.48869
-22.33698 -26.48869
-22.25000 -26.48869
-22.08698 -26.48869
-22.00000 -26.48869
-21.83698 -26.48869
-21.75000 -26.48869
-21.58707 -26.48866
-21.50000 -26.48864
-21.33712 -26.48864
-21.25000 -26.48864
-21.08730 -26.48857
-21.00000 -26.48854
-20.83811 -26.48828
-20.75000 -26.48814
-20.58895 -26.48798
-20.50000 -26.48789
-20.34000 -26.48760
-20.25000 -26.48744
-20.09168 -26.48699
-20.00000 -26.48674
-19.84447 -26.48599
-19.75000 -26.48554
-19.59941 -26.48421
-19.50000 -26.48334
-19.35799 -26.48112
-19.25000 -26.47944
-19.12245 -26.47592
-19.00000 -26.47254
-18.89605 -26.46742
-18.75000 -26.46024
-18.68232 -26.45436
-18.50000 -26.43854
-18.48338 -26.43598
-18.44441 -26.43000
-18.30814 -26.40907
-18.25000 -26.40014
-18.15433 -26.37444
-18.02611 -26.34000
-18.01115 -26.33598
-18.00000 -26.33299
-17.89867 -26.28648
-17.81920 -26.25000
-17.78878 -26.23604
-17.75000 -26.21824
-17.69603 -26.17943
-17.66900 -26.16000
-17.61262 -26.11946
-17.54383 -26.07000
-17.52920 -26.05949
-17.50000 -26.03849
-17.44811 -25.99868
-17.42376 -25.98000
-17.36827 -25.93742
-17.30645 -25.89000
-17.28842 -25.87617
-17.25000 -25.84669
-17.17354 -25.82753
-17.06369 -25.80000
-17.02614 -25.79059
-17.00000 -25.78404
-16.80044 -25.78184
-16.75000 -25.78129
-16.55231 -25.78117
-16.50000 -25.78114
-16.30272 -25.78102
-16.25000 -25.78099
-16.05347 -25.78075
-16.00000 -25.78069
-15.80484 -25.78026
-15.75000 -25.78014
-15.55721 -25.77941
-15.50000 -25.77919
-15.31148 -25.77787
-15.25000 -25.77744
-15.06881 -25.77523
-15.00000 -25.77439
-14.83127 -25.77074
-14.75000 -25.76899
-14.60186 -25.76333
-14.50000 -25.75944
-14.38427 -25.75166
-14.25000 -25.74264
-14.18149 -25.73466
-14.00000 -25.71354
-13.99367 -25.71228
-13.98222 -25.71000
-13.83267 -25.68024
-13.75000 -25.66379
-13.68630 -25.64293
-13.61625 -25.62000
-13.55537 -25.60007
-13.50000 -25.58194
-13.43998 -25.55161
-13.39723 -25.53000
-13.33599 -25.49905
-13.25000 -25.45559
-13.23530 -25.44529
-13.22774 -25.44000
-13.15041 -25.38585
-13.09920 -25.35000
-13.06552 -25.32641
-13.00000 -25.28054
-12.98298 -25.26613
-12.97573 -25.26000
-12.90837 -25.20299
-12.86940 -25.17000
-12.83377 -25.13984
-12.76307 -25.08000
-12.75917 -25.07670
-12.75000 -25.06894
-12.68845 -25.01216
-12.66442 -24.99000
-12.61826 -24.94742
-12.56685 -24.90000
-12.54808 -24.88269
-12.50000 -24.83834
-12.47850 -24.81774
-12.47043 -24.81000
-12.41023 -24.75232
-12.37650 -24.72000
-12.34195 -24.68690
-12.28257 -24.63000
-12.27368 -24.62148
-12.25000 -24.59879
-12.20597 -24.55585
-12.18972 -24.54000
-12.13856 -24.49012
-12.09743 -24.45000
-12.07116 -24.42438
-12.00514 -24.36000
-12.00375 -24.35865
-12.00000 -24.35499
-11.93672 -24.29278
-11.91354 -24.27000
-11.86970 -24.22691
-11.82199 -24.18000
-11.80269 -24.16103
-11.75000 -24.10924
-11.73569 -24.09515
-11.73046 -24.09000
