-35.00000 -29.60240
-34.93950 -29.60178
-34.75000 -29.59985
-34.69752 -29.59889
-34.50000 -29.59530
-34.46100 -29.59404
-34.25000 -29.58725
-34.23261 -29.58626
-34.12240 -29.58000
-34.01668 -29.57400
-34.00000 -29.57305
-33.81946 -29.55499
-33.75000 -29.54805
-33.64122 -29.52916
-33.50000 -29.50465
-33.47766 -29.49804
-33.45048 -29.49000
-33.34043 -29.45745
-33.25000 -29.43070
-33.21361 -29.41310
-33.18652 -29.40000
-33.10693 -29.36151
-33.00042 -29.31000
-33.00024 -29.30991
-33.00000 -29.30980
-32.91719 -29.24981
-32.87604 -29.22000
-32.83420 -29.18969
-32.75180 -29.13000
-32.75120 -29.12957
-32.75000 -29.12870
-32.68097 -29.06485
-32.65411 -29.04000
-32.61094 -29.00006
-32.55681 -28.95000
-32.54090 -28.93528
-32.50000 -28.89745
-32.47236 -28.86995
-32.46236 -28.86000
-32.40593 -28.80387
-32.37189 -28.77000
-32.33950 -28.73778
-32.28142 -28.68000
-32.27307 -28.67170
-32.25000 -28.64875
-32.20679 -28.60556
-32.19123 -28.59000
-32.14059 -28.53939
-32.10119 -28.50000
-32.07440 -28.47322
-32.01116 -28.41000
-32.00820 -28.40705
-32.00000 -28.39885
-31.94199 -28.34088
-31.92109 -28.32000
-31.87577 -28.27472
-31.83102 -28.23000
-31.80956 -28.20856
-31.75000 -28.14905
-31.74332 -28.14240
-31.74091 -28.14000
-31.67690 -28.07632
-31.65045 -28.05000
-31.61048 -28.01023
-31.56000 -27.96000
-31.54406 -27.94414
-31.50000 -27.90030
-31.47712 -27.87824
-31.46858 -27.87000
-31.40917 -27.81270
-31.37526 -27.78000
-31.34121 -27.74716
-31.28194 -27.69000
-31.27326 -27.68163
-31.25000 -27.65920
-31.20312 -27.61688
-31.18443 -27.60000
-31.13185 -27.55253
-31.08474 -27.51000
-31.06058 -27.48819
-31.00000 -27.43350
-30.98900 -27.42396
-30.98442 -27.42000
-30.91562 -27.36038
-30.88057 -27.33000
-30.84225 -27.29679
-30.77672 -27.24000
-30.76888 -27.23320
-30.75000 -27.21685
-30.68474 -27.17349
-30.64939 -27.15000
-30.59689 -27.11512
-30.51393 -27.06000
-30.50903 -27.05675
-30.50000 -27.05075
-30.38592 -27.01107
-30.26783 -26.97000
-30.25876 -26.96685
-30.25000 -26.96380
-30.06428 -26.94686
-30.00000 -26.94100
-29.88654 -26.92085
-29.75000 -26.89660
-29.65999 -26.91240
-29.50000 -26.94050
-29.32616 -26.94258
-29.25000 -26.94350
-29.07093 -26.94446
-29.00000 -26.94485
-28.85697 -26.93149
-28.75000 -26.92150
-28.61313 -26.92927
-28.50000 -26.93570
-28.36076 -26.93013
-28.25000 -26.92570
-28.14836 -26.91659
-28.00000 -26.90330
-27.94392 -26.90019
-27.75000 -26.88945
-27.73015 -26.88715
-27.66856 -26.88000
-27.54108 -26.86521
-27.50000 -26.86045
-27.38447 -26.83159
-27.25000 -26.79800
-27.24126 -26.79315
-27.23560 -26.79000
-27.14295 -26.73854
-27.07355 -26.70000
-27.04463 -26.68393
-27.00000 -26.65915
-26.93358 -26.63391
-26.87066 -26.61000
-26.81196 -26.58769
-26.75000 -26.56415
-26.67734 -26.54616
-26.57170 -26.52000
-26.52922 -26.50948
-26.50000 -26.50225
-26.35960 -26.48054
-26.25000 -26.46360
-26.17464 -26.45713
-26.00000 -26.44215
-25.96971 -26.44091
-25.75000 -26.43190
-25.74497 -26.43181
-25.63838 -26.43000
-25.50624 -26.42775
-25.50000 -26.42765
-25.26079 -26.42612
-25.25000 -26.42605
-25.01243 -26.42552
-25.00000 -26.42550
-24.76303 -26.42531
-24.75000 -26.42530
-24.51319 -26.42525
-24.50000 -26.42525
-24.26333 -26.42520
-24.25000 -26.42520
-24.01334 -26.42520
-24.00000 -26.42520
-23.76334 -26.42520
-23.75000 -26.42520
-23.51334 -26.42520
-23.50000 -26.42520
-23.26334 -26.42520
-23.25000 -26.42520
-23.01334 -26.42520
-23.00000 -26.42520
-22.76334 -26.42520
-22.75000 -26.42520
-22.51334 -26.42520
-22.50000 -26.42520
-22.26334 -26.42520
-22.25000 -26.42520
-22.01334 -26.42520
-22.00000 -26.42520
-21.76334 -26.42520
-21.75000 -26.42520
-21.51347 -26.42515
-21.50000 -26.42515
-21.26361 -26.42510
-21.25000 -26.42510
-21.01375 -26.42505
-21.00000 -26.42505
-20.76454 -26.42477
-20.75000 -26.42475
-20.51524 -26.42451
-20.50000 -26.42450
-20.26632 -26.42412
-20.25000 -26.42410
-20.01833 -26.42340
-20.00000 -26.42335
-19.77165 -26.42221
-19.75000 -26.42210
-19.52739 -26.42014
-19.50000 -26.41990
-19.28739 -26.41654
-19.25000 -26.41595
-19.05426 -26.41047
-19.00000 -26.40895
-18.83184 -26.40054
-18.75000 -26.39645
-18.62411 -26.38532
-18.50000 -26.37435
-18.43351 -26.36394
-18.28067 -26.34000
-18.25930 -26.33665
-18.25000 -26.33520
-18.11596 -26.29826
-18.00000 -26.26630
-17.98055 -26.25700
-17.96589 -26.25000
-17.87312 -26.20568
-17.77753 -26.16000
-17.76570 -26.15435
-17.75000 -26.14685
-17.68259 -26.09427
-17.65148 -26.07000
-17.60364 -26.03269
-17.53609 -25.98000
-17.52470 -25.97111
-17.50000 -25.95185
-17.45256 -25.90708
-17.43447 -25.89000
-17.38353 -25.84193
-17.33911 -25.80000
-17.31451 -25.77678
-17.25000 -25.71590
-17.24192 -25.71291
-17.23405 -25.71000
-17.11860 -25.66730
-17.00000 -25.62345
-16.99087 -25.62329
-16.80632 -25.62000
-16.75265 -25.61904
-16.75000 -25.61900
-16.50306 -25.61890
-16.50000 -25.61890
-16.25347 -25.61875
-16.25000 -25.61875
-16.00430 -25.61845
-16.00000 -25.61845
-15.75580 -25.61791
-15.75000 -25.61790
-15.50852 -25.61693
-15.50000 -25.61690
-15.26309 -25.61529
-15.25000 -25.61520
-15.02110 -25.61240
-15.00000 -25.61215
-14.78473 -25.60750
-14.75000 -25.60675
-14.55726 -25.59939
-14.50000 -25.59720
-14.34270 -25.58663
-14.25000 -25.58040
-14.14426 -25.56807
-14.00000 -25.55125
-13.96198 -25.54369
-13.89312 -25.53000
-13.80092 -25.51167
-13.75000 -25.50155
-13.66046 -25.47223
-13.56201 -25.44000
-13.52954 -25.42937
-13.50000 -25.41970
-13.41946 -25.37899
-13.36209 -25.35000
-13.31546 -25.32643
-13.25000 -25.29335
-13.21855 -25.27132
-13.20237 -25.26000
-13.13366 -25.21188
-13.07384 -25.17000
-13.04877 -25.15244
-13.00000 -25.11830
-12.96825 -25.09143
-12.95475 -25.08000
-12.89365 -25.02829
-12.84842 -24.99000
-12.81905 -24.96514
-12.75000 -24.90670
-12.74478 -24.90188
-12.74274 -24.90000
-12.67460 -24.83715
-12.64517 -24.81000
-12.60442 -24.77241
-12.54760 -24.72000
-12.53423 -24.70768
-12.50000 -24.67610
-12.46503 -24.64259
-12.45189 -24.63000
-12.39675 -24.57717
-12.35797 -24.54000
-12.32848 -24.51175
-12.26404 -24.45000
-12.26021 -24.44633
-12.25000 -24.43655
-12.19268 -24.38064
-12.17152 -24.36000
-12.12528 -24.31490
-12.07925 -24.27000
-12.05789 -24.24916
-12.00000 -24.19270
-11.99055 -24.18340
-11.98708 -24.18000
-11.92353 -24.11753
-11.89553 -24.09000
