-35.	-29.5645997295
-34.79859684260259	-29.562505136663066
-34.75	-29.5619997295
-34.559524525132275	-29.55857117095238
-34.5	-29.557499729499998
-34.327894621366646	-29.551957936308003
-34.25	-29.549449729499997
-34.10743470143885	-29.541323507482012
-34.	-29.5351997295
-33.901696978033925	-29.525389087907783
-33.75	-29.5102497295
-33.71205073182159	-29.503661736544228
-33.63335409274193	-29.49
-33.54338506465517	-29.474381376724136
-33.5	-29.466849729499998
-33.39809492454268	-29.436685827164634
-33.274156319256754	-29.4
-33.26089980259146	-29.39607607106707
-33.25	-29.3928497295
-33.15179026849218	-29.345355503342816
-33.078681287220846	-29.31
-33.04510463549075	-29.293762331223327
-33.	-29.2719497295
-32.952084735749864	-29.237249495130047
-32.92826604598177	-29.22
-32.869074221084674	-29.177133280409517
-32.803990983844244	-29.13
-32.786063706419476	-29.117017065688987
-32.75	-29.0908997295
-32.710395479691876	-29.054257627310925
-32.69498516050584	-29.04
-32.6403674684874	-28.98946771134454
-32.597708895914394	-28.95
-32.57033945728291	-28.92467779537815
-32.50043263132296	-28.86
-32.50031144607843	-28.859887879411765
-32.5	-28.8595997295
-32.433864976749334	-28.793808608370238
-32.409931916465624	-28.77
-32.36743450730735	-28.727723577369353
-32.31946147014475	-28.68
-32.30100403786537	-28.66163854636847
-32.25	-28.610899729499998
-32.234630291586996	-28.59553309502868
-32.22909608971794	-28.59
-32.16844408773349	-28.529360128415945
-32.13907808611722	-28.5
-32.10225788387998	-28.463187161803205
-32.049060082516505	-28.41
-32.036071680026474	-28.39701419519047
-32.	-28.3609497295
-31.969876615050758	-28.330844418581727
-31.95902568591155	-28.32
-31.90367093607474	-28.264678463013095
-31.868971653492096	-28.23
-31.83746525709872	-28.198512507444462
-31.778917621072644	-28.14
-31.771259578122702	-28.132346551875827
-31.75	-28.1110997295
-31.70497440714812	-28.066209213426678
-31.688716419759277	-28.05
-31.638651636330138	-28.00008541092115
-31.598445607321967	-27.96
-31.57232886551216	-27.933961608415622
-31.508174794884653	-27.87
-31.50600609469418	-27.867837805910096
-31.5	-27.8618497295
-31.438908994252873	-27.801992762068966
-31.41646281945295	-27.78
-31.371734789147634	-27.736175475906855
-31.3246073387426	-27.69
-31.304560584042395	-27.67035818974474
-31.25	-27.616899729500002
-31.237030138526478	-27.60466915013047
-31.23207875980912	-27.6
-31.167958764773598	-27.539534844681505
-31.13663867497349	-27.51
-31.09888739102072	-27.47440053923254
-31.041198590137856	-27.42
-31.029816017267844	-27.409266233783576
-31.	-27.381149729500002
-30.95984477194222	-27.3444558821008
-30.944025246771723	-27.33
-30.88919003807505	-27.27989158629298
-30.845535424053402	-27.24
-30.81853530420788	-27.21532729048516
-30.75	-27.1526997295
-30.74759853273439	-27.150864528215617
-30.74646724744831	-27.15
-30.66754160336239	-27.08968502278954
-30.628697030227688	-27.06
-30.587484673990392	-27.028505517363456
-30.510926813007064	-26.97
-30.507427744618393	-26.967326011937377
-30.5	-26.9616497295
-30.40258920365068	-26.915067886685755
-30.32925610727729	-26.88
-30.295216261632067	-26.863722145812453
-30.25	-26.8420997295
-30.15362610155383	-26.82469460344062
-30.	-26.7969497295
-29.98757201448498	-26.794474074785406
-29.965111799698793	-26.79
-29.826627808476395	-26.7624139889485
-29.75	-26.7471497295
-29.5282232855127	-26.779839617215426
-29.5	-26.7839997295
-29.261770477878613	-26.7857626279637
-29.25	-26.7858497295
-29.00898447641774	-26.78676558848961
-29.	-26.7867997295
-28.806077458668454	-26.769812114879358
-28.75	-26.7648997295
-28.53873785970052	-26.77605437050781
-28.5	-26.7780997295
-28.303473252390535	-26.770749629139406
-28.25	-26.7687497295
-28.0948787691787	-26.755843643095666
-28.	-26.7479497295
-27.88339073565175	-26.741979335165368
-27.75	-26.7351497295
-27.674603754826254	-26.727142648262546
-27.5	-26.7085997295
-27.48527947706265	-26.705299388257444
-27.461642598126673	-26.7
-27.33122264720986	-26.67075984700445
-27.25	-26.6525497295
-27.198710547854386	-26.62846420277242
-27.15939154706133	-26.61
-27.090224530496624	-26.577519169021215
-27.	-26.5351497295
-26.976685550169282	-26.528393201939057
-26.94772350069013	-26.52
-26.83818139504463	-26.488254697783933
-26.75	-26.4626997295
-26.68846494260444	-26.4521526206624
-26.559219781213535	-26.43
-26.51910099830636	-26.42312364060971
-26.5	-26.4198497295
-26.326035447712417	-26.40262723882353
-26.25	-26.3950997295
-26.11632768195051	-26.388122034497815
-26.	-26.3820497295
-25.890609444588968	-26.37938059994797
-25.75	-26.3759497295
-25.652786020822067	-26.374997032504055
-25.5	-26.3734997295
-25.407917181143482	-26.373149814788345
-25.25	-26.3725497295
-25.159884469822813	-26.372441590863787
-25.	-26.3722497295
-24.910516843784684	-26.372213936237515
-24.75	-26.372149729500002
-24.660744782065517	-26.372131878456415
-24.5	-26.3720997295
-24.41083408472222	-26.3720997295
-24.25	-26.3720997295
-24.16083408472222	-26.3720997295
-24.	-26.3720997295
-23.91083408472222	-26.3720997295
-23.75	-26.3720997295
-23.66083408472222	-26.3720997295
-23.5	-26.3720997295
-23.41083408472222	-26.3720997295
-23.25	-26.3720997295
-23.16083408472222	-26.3720997295
-23.	-26.3720997295
-22.91083408472222	-26.3720997295
-22.75	-26.3720997295
-22.66083408472222	-26.3720997295
-22.5	-26.3720997295
-22.41083408472222	-26.3720997295
-22.25	-26.3720997295
-22.16083408472222	-26.3720997295
-22.	-26.3720997295
-21.910883593836754	-26.372081906218767
-21.75	-26.3720497295
-21.66097297361111	-26.3720497295
-21.5	-26.3720497295
-21.411022405607994	-26.372031933981123
-21.25	-26.3719997295
-21.16116121737923	-26.371981961743476
-21.	-26.3719497295
-20.911496594182825	-26.371861226094182
-20.75	-26.3716997295
-20.662189114958448	-26.37161191861496
-20.5	-26.3714497295
-20.413026190542034	-26.371310571404866
-20.25	-26.3710497295
-20.164416401598675	-26.370810095424478
-20.	-26.3703497295
-19.91689559282585	-26.369917586582694
-19.75	-26.3690497295
-19.671231752982646	-26.36835656892625
-19.5	-26.3668497295
-19.428591144946807	-26.365707187819147
-19.25	-26.3628497295
-19.191169594490216	-26.36117894598352
-19.	-26.3557497295
-18.961642159035556	-26.3538088227472
-18.75	-26.3430997295
-18.74310251557632	-26.342483094392524
-18.715327410514536	-26.34
-18.542835492879394	-26.32457922256342
-18.5	-26.3207497295
-18.363680675337186	-26.299074956878613
-18.25	-26.2809997295
-18.201623393414483	-26.267415578370787
-18.139602102920225	-26.25
-18.061173955212233	-26.227977376123597
-18.	-26.2107997295
-17.94038989732457	-26.181459636963154
-17.896790472368956	-26.16
-17.83478088535555	-26.129478881272004
-17.75	-26.0877497295
-17.73509678463476	-26.075365157531486
-17.72864051805054	-26.07
-17.659530034005037	-26.012569187758185
-17.62033726895307	-25.98
-17.583963283375315	-25.949773217984887
-17.512034019855594	-25.89
-17.508396532745593	-25.886977248211586
-17.5	-25.8799997295
-17.44659564118825	-25.81922556917223
-17.429701467926186	-25.8
-17.38651553437917	-25.7508544076235
-17.350615351933214	-25.71
-17.326435427570093	-25.682483246074767
-17.271529235940246	-25.62
-17.266355320761015	-25.614112084526035
-17.25	-25.595499729500002
-17.179143520662052	-25.55550833256166
-17.133948034195605	-25.53
-17.081783070640416	-25.500558094569453
-17.	-25.4543997295
-16.963115446977458	-25.453278439088116
-16.75	-25.4467997295
-16.73114329034942	-25.44678841547421
-16.5	-25.446649729500002
-16.48155926372712	-25.446638665058238
-16.25	-25.4464997295
-16.232005178571427	-25.446478135714287
-16.	-25.4461997295
-15.982883132247377	-25.446162072390948
-15.75	-25.4456497295
-15.73447876510989	-25.44558764456044
-15.5	-25.4446497295
-15.48732352917121	-25.444563529498367
-15.25	-25.4429497295
-15.242074880440622	-25.442853043041378
-15.008218893442619	-25.44
-15.00026939951639	-25.4399030161741
-15.	-25.439899729500002
-14.764413706761006	-25.434811065566038
-14.75	-25.4344997295
-14.537795757157207	-25.426393527423407
-14.5	-25.4249497295
-14.324555876638577	-25.413159884410113
-14.25	-25.408149729500003
-14.127990496223248	-25.39392342135963
-14.	-25.378999729500002
-13.94810356209735	-25.368682717644955
-13.854126109154928	-25.35
-13.787044149069434	-25.336664106335004
-13.75	-25.3292997295
-13.649185729560664	-25.296293137358163
-13.538333141417224	-25.26
-13.518257594559207	-25.25342726595869
-13.5	-25.2474497295
-13.410504125837763	-25.20221851469841
-13.346755580728136	-25.17
-13.306505974693783	-25.149657849110238
-13.25	-25.1210997295
-13.211233984625542	-25.093955765534805
-13.19130287132248	-25.08
-13.126344341162044	-25.034516037181664
-13.0627681669523	-24.99
-13.041454697698548	-24.97507630882852
-13.	-24.946049729499997
-12.961828805122678	-24.913741630155833
-12.945593419777882	-24.9
-12.887226683106764	-24.850598394081565
-12.839260716564272	-24.81
-12.812624561090848	-24.787455158007294
-12.75	-24.7344497295
-12.738732275810978	-24.724056380708046
-12.73433463844319	-24.72
-12.668551365018715	-24.659321508593262
-12.636763085971378	-24.63
-12.59837045422645	-24.59458663647848
-12.539191533499565	-24.54
-12.528189543434186	-24.52985176436369
-12.5	-24.5038497295
-12.45914904453042	-24.46470634396905
-12.443801158943852	-24.45
-12.390874124184494	-24.399285315293582
-12.349875047484867	-24.36
-12.322599203838568	-24.333864286618116
-12.25594893602588	-24.27
-12.254324283492641	-24.26844325794265
-12.25	-24.2642997295
-12.186873049648046	-24.202725702126703
-12.163574195714578	-24.18
-12.119477512730267	-24.136988095417102
-12.071304357699406	-24.09