-35.00000 -29.56460
-34.79860 -29.56251
-34.75000 -29.56200
-34.55952 -29.55857
-34.50000 -29.55750
-34.32789 -29.55196
-34.25000 -29.54945
-34.10743 -29.54132
-34.00000 -29.53520
-33.90170 -29.52539
-33.75000 -29.51025
-33.71205 -29.50366
-33.63335 -29.49000
-33.54339 -29.47438
-33.50000 -29.46685
-33.39809 -29.43669
-33.27416 -29.40000
-33.26090 -29.39608
-33.25000 -29.39285
-33.15179 -29.34536
-33.07868 -29.31000
-33.04510 -29.29376
-33.00000 -29.27195
-32.95208 -29.23725
-32.92827 -29.22000
-32.86907 -29.17713
-32.80399 -29.13000
-32.78606 -29.11702
-32.75000 -29.09090
-32.71040 -29.05426
-32.69499 -29.04000
-32.64037 -28.98947
-32.59771 -28.95000
-32.57034 -28.92468
-32.50043 -28.86000
-32.50031 -28.85989
-32.50000 -28.85960
-32.43386 -28.79381
-32.40993 -28.77000
-32.36743 -28.72772
-32.31946 -28.68000
-32.30100 -28.66164
-32.25000 -28.61090
-32.23463 -28.59553
-32.22910 -28.59000
-32.16844 -28.52936
-32.13908 -28.50000
-32.10226 -28.46319
-32.04906 -28.41000
-32.03607 -28.39701
-32.00000 -28.36095
-31.96988 -28.33084
-31.95903 -28.32000
-31.90367 -28.26468
-31.86897 -28.23000
-31.83747 -28.19851
-31.77892 -28.14000
-31.77126 -28.13235
-31.75000 -28.11110
-31.70497 -28.06621
-31.68872 -28.05000
-31.63865 -28.00009
-31.59845 -27.96000
-31.57233 -27.93396
-31.50817 -27.87000
-31.50601 -27.86784
-31.50000 -27.86185
-31.43891 -27.80199
-31.41646 -27.78000
-31.37173 -27.73618
-31.32461 -27.69000
-31.30456 -27.67036
-31.25000 -27.61690
-31.23703 -27.60467
-31.23208 -27.60000
-31.16796 -27.53953
-31.13664 -27.51000
-31.09889 -27.47440
-31.04120 -27.42000
-31.02982 -27.40927
-31.00000 -27.38115
-30.95984 -27.34446
-30.94403 -27.33000
-30.88919 -27.27989
-30.84554 -27.24000
-30.81854 -27.21533
-30.75000 -27.15270
-30.74760 -27.15086
-30.74647 -27.15000
-30.66754 -27.08969
-30.62870 -27.06000
-30.58748 -27.02851
-30.51093 -26.97000
-30.50743 -26.96733
-30.50000 -26.96165
-30.40259 -26.91507
-30.32926 -26.88000
-30.29522 -26.86372
-30.25000 -26.84210
-30.15363 -26.82469
-30.00000 -26.79695
-29.98757 -26.79447
-29.96511 -26.79000
-29.82663 -26.76241
-29.75000 -26.74715
-29.52822 -26.77984
-29.50000 -26.78400
-29.26177 -26.78576
-29.25000 -26.78585
-29.00898 -26.78677
-29.00000 -26.78680
-28.80608 -26.76981
-28.75000 -26.76490
-28.53874 -26.77605
-28.50000 -26.77810
-28.30347 -26.77075
-28.25000 -26.76875
-28.09488 -26.75584
-28.00000 -26.74795
-27.88339 -26.74198
-27.75000 -26.73515
-27.67460 -26.72714
-27.50000 -26.70860
-27.48528 -26.70530
-27.46164 -26.70000
-27.33122 -26.67076
-27.25000 -26.65255
-27.19871 -26.62846
-27.15939 -26.61000
-27.09022 -26.57752
-27.00000 -26.53515
-26.97669 -26.52839
-26.94772 -26.52000
-26.83818 -26.48825
-26.75000 -26.46270
-26.68846 -26.45215
-26.55922 -26.43000
-26.51910 -26.42312
-26.50000 -26.41985
-26.32604 -26.40263
-26.25000 -26.39510
-26.11633 -26.38812
-26.00000 -26.38205
-25.89061 -26.37938
-25.75000 -26.37595
-25.65279 -26.37500
-25.50000 -26.37350
-25.40792 -26.37315
-25.25000 -26.37255
-25.15988 -26.37244
-25.00000 -26.37225
-24.91052 -26.37221
-24.75000 -26.37215
-24.66074 -26.37213
-24.50000 -26.37210
-24.41083 -26.37210
-24.25000 -26.37210
-24.16083 -26.37210
-24.00000 -26.37210
-23.91083 -26.37210
-23.75000 -26.37210
-23.66083 -26.37210
-23.50000 -26.37210
-23.41083 -26.37210
-23.25000 -26.37210
-23.16083 -26.37210
-23.00000 -26.37210
-22.91083 -26.37210
-22.75000 -26.37210
-22.66083 -26.37210
-22.50000 -26.37210
-22.41083 -26.37210
-22.25000 -26.37210
-22.16083 -26.37210
-22.00000 -26.37210
-21.91088 -26.37208
-21.75000 -26.37205
-21.66097 -26.37205
-21.50000 -26.37205
-21.41102 -26.37203
-21.25000 -26.37200
-21.16116 -26.37198
-21.00000 -26.37195
-20.91150 -26.37186
-20.75000 -26.37170
-20.66219 -26.37161
-20.50000 -26.37145
-20.41303 -26.37131
-20.25000 -26.37105
-20.16442 -26.37081
-20.00000 -26.37035
-19.91690 -26.36992
-19.75000 -26.36905
-19.67123 -26.36836
-19.50000 -26.36685
-19.42859 -26.36571
-19.25000 -26.36285
-19.19117 -26.36118
-19.00000 -26.35575
-18.96164 -26.35381
-18.75000 -26.34310
-18.74310 -26.34248
-18.71533 -26.34000
-18.54284 -26.32458
-18.50000 -26.32075
-18.36368 -26.29907
-18.25000 -26.28100
-18.20162 -26.26742
-18.13960 -26.25000
-18.06117 -26.22798
-18.00000 -26.21080
-17.94039 -26.18146
-17.89679 -26.16000
-17.83478 -26.12948
-17.75000 -26.08775
-17.73510 -26.07537
-17.72864 -26.07000
-17.65953 -26.01257
-17.62034 -25.98000
-17.58396 -25.94977
-17.51203 -25.89000
-17.50840 -25.88698
-17.50000 -25.88000
-17.44660 -25.81923
-17.42970 -25.80000
-17.38652 -25.75085
-17.35062 -25.71000
-17.32644 -25.68248
-17.27153 -25.62000
-17.26636 -25.61411
-17.25000 -25.59550
-17.17914 -25.55551
-17.13395 -25.53000
-17.08178 -25.50056
-17.00000 -25.45440
-16.96312 -25.45328
-16.75000 -25.44680
-16.73114 -25.44679
-16.50000 -25.44665
-16.48156 -25.44664
-16.25000 -25.44650
-16.23201 -25.44648
-16.00000 -25.44620
-15.98288 -25.44616
-15.75000 -25.44565
-15.73448 -25.44559
-15.50000 -25.44465
-15.48732 -25.44456
-15.25000 -25.44295
-15.24207 -25.44285
-15.00822 -25.44000
-15.00027 -25.43990
-15.00000 -25.43990
-14.76441 -25.43481
-14.75000 -25.43450
-14.53780 -25.42639
-14.50000 -25.42495
-14.32456 -25.41316
-14.25000 -25.40815
-14.12799 -25.39392
-14.00000 -25.37900
-13.94810 -25.36868
-13.85413 -25.35000
-13.78704 -25.33666
-13.75000 -25.32930
-13.64919 -25.29629
-13.53833 -25.26000
-13.51826 -25.25343
-13.50000 -25.24745
-13.41050 -25.20222
-13.34676 -25.17000
-13.30651 -25.14966
-13.25000 -25.12110
-13.21123 -25.09396
-13.19130 -25.08000
-13.12634 -25.03452
-13.06277 -24.99000
-13.04145 -24.97508
-13.00000 -24.94605
-12.96183 -24.91374
-12.94559 -24.90000
-12.88723 -24.85060
-12.83926 -24.81000
-12.81262 -24.78746
-12.75000 -24.73445
-12.73873 -24.72406
-12.73433 -24.72000
-12.66855 -24.65932
-12.63676 -24.63000
-12.59837 -24.59459
-12.53919 -24.54000
-12.52819 -24.52985
-12.50000 -24.50385
-12.45915 -24.46471
-12.44380 -24.45000
-12.39087 -24.39929
-12.34988 -24.36000
-12.32260 -24.33386
-12.25595 -24.27000
-12.25432 -24.26844
-12.25000 -24.26430
-12.18687 -24.20273
-12.16357 -24.18000
-12.11948 -24.13699
-12.07130 -24.09000
