-35.	-29.234843998499997
-34.959902759319284	-29.234435006645054
-34.75	-29.232293998499998
-34.71749339370703	-29.231702378265467
-34.5	-29.2277439985
-34.48025497577766	-29.22710820872004
-34.25950315217392	-29.22
-34.25078021800102	-29.21971912151963
-34.25	-29.2196939985
-34.034803266554704	-29.207470824040307
-34.	-29.2054939985
-33.83588261195652	-29.189082259695653
-33.75	-29.180493998499998
-33.65537106727886	-29.164066415779608
-33.5	-29.1370939985
-33.48918597789634	-29.133893047957315
-33.47603378885135	-29.13
-33.35199085594512	-29.093283291859755
-33.25	-29.0630939985
-33.22262446834993	-29.049855191394023
-33.20224566066997	-29.04
-33.11593883534851	-28.998262019274538
-33.01614144230769	-28.95
-33.00925320234708	-28.94666884715505
-33.	-28.9421939985
-32.924189265356944	-28.8872918644715
-32.88650373032311	-28.86
-32.84117875069175	-28.827175649750966
-32.762228668185585	-28.77
-32.75816823602656	-28.767059435030436
-32.75	-28.7611439985
-32.686852919455255	-28.702732948996108
-32.662276758378376	-28.68
-32.61681400894942	-28.637946956778208
-32.56497946108108	-28.59
-32.54677509844358	-28.573160964560312
-32.5	-28.5298939985
-32.477931493798906	-28.507944662232394
-32.46994369746632	-28.5
-32.41149121622619	-28.441863162158572
-32.37945505881761	-28.41
-32.34505093865348	-28.375781662084748
-32.28896642016891	-28.32
-32.27861066108076	-28.309700162010927
-32.25	-28.281243998500003
-32.212309503898204	-28.243568578596648
-32.19873549569828	-28.23
-32.146113563915854	-28.17739911699029
-32.10869948129252	-28.14
-32.07991762393351	-28.111229655383937
-32.01866346688676	-28.05
-32.01372168395116	-28.045060193777584
-32.	-28.0313439985
-31.94749484949956	-27.978901854180158
-31.928570285843012	-27.96
-31.88125993634089	-27.91274642291728
-31.838462156087306	-27.87
-31.81502502318222	-27.846590991654402
-31.75	-27.7816439985
-31.748783484904543	-27.780437945434365
-31.748341740468025	-27.78
-31.68218588241823	-27.714413082329436
-31.657561026326405	-27.69
-31.615588279931924	-27.648388219224508
-31.56678031218479	-27.6
-31.548990677445612	-27.582363356119583
-31.5	-27.533793998500002
-31.481699739655436	-27.516588093724046
-31.474692620187195	-27.51
-31.412479619673896	-27.4515073369174
-31.378968306211444	-27.42
-31.343259499692355	-27.386426580110754
-31.283243992235693	-27.33
-31.274039379710814	-27.321345823304107
-31.25	-27.298743998499997
-31.201241701112217	-27.2575529875996
-31.180464016927083	-27.24
-31.126540505893093	-27.194445417878484
-31.073929926017993	-27.15
-31.05183931067397	-27.13133784815737
-31.	-27.0875439985
-30.97636925317433	-27.06850706885724
-30.965809336519364	-27.06
-30.899155800875086	-27.006303911684967
-30.85409136233863	-26.97
-30.821942348575842	-26.944100754512696
-30.75	-26.8861439985
-30.7432955057835	-26.882413617917937
-30.738957587167505	-26.88
-30.645085117306852	-26.827769357769533
-30.577203453450753	-26.79
-30.546874728830204	-26.773125097621126
-30.5	-26.7470439985
-30.42148865403872	-26.728264084546062
-30.303327765468225	-26.7
-30.27128838701602	-26.692336180674232
-30.25	-26.687243998499998
-30.052646912365866	-26.68104711154829
-30.	-26.6793939985
-29.867820955238095	-26.657584456114286
-29.75	-26.6381439985
-29.58247619940476	-26.670308568214285
-29.5	-26.6861439985
-29.279548354082223	-26.689362592530397
-29.25	-26.6897939985
-29.024465804126624	-26.691192310514413
-29.	-26.6913439985
-28.821848448313624	-26.674134558607097
-28.75	-26.6671939985
-28.55998671594684	-26.678404782259136
-28.5	-26.6819439985
-28.32076731813652	-26.674523765470852
-28.25	-26.6715939985
-28.114090912400705	-26.658927271535745
-28.	-26.6482939985
-27.9083437087123	-26.64299626486357
-27.75	-26.633843998499998
-27.700490036337207	-26.627823586918606
-27.553914486019735	-26.61
-27.51361295992525	-26.60509933442691
-27.5	-26.603443998499998
-27.3664896024	-26.568063743136
-27.25	-26.5371939985
-27.23230706060918	-26.526369458180696
-27.221896046910757	-26.52
-27.139695412121835	-26.46970965163614
-27.074789149231776	-26.43
-27.047083763634493	-26.41304984509158
-27.	-26.3842439985
-26.94540474025173	-26.35965429350938
-26.901767321269983	-26.34
-26.83434847174235	-26.309634550172753
-26.75	-26.2716439985
-26.718123713549335	-26.26147546312224
-26.68215047492163	-26.25
-26.58557584904271	-26.219192694344624
-26.5	-26.1918939985
-26.44453217652174	-26.179968416452173
-26.351655820930233	-26.16
-26.288010437391303	-26.146316242539132
-26.25	-26.1381439985
-26.109958901561857	-26.120414795437732
-26.	-26.1064939985
-25.913684960974454	-26.101073414049196
-25.75	-26.0907939985
-25.696185304089028	-26.089373290527952
-25.5	-26.0841939985
-25.46163784189189	-26.08381037691892
-25.25	-26.0816939985
-25.21782058750688	-26.081584588497524
-25.	-26.0808439985
-24.969977855758582	-26.080807971926912
-24.75	-26.0805439985
-24.72074362236404	-26.080532295948945
-24.5	-26.0804439985
-24.471005001388118	-26.08043819950028
-24.25	-26.0803939985
-24.221127781944443	-26.0803939985
-24.	-26.0803939985
-23.971127781944443	-26.0803939985
-23.75	-26.0803939985
-23.721127781944443	-26.0803939985
-23.5	-26.0803939985
-23.471127781944443	-26.0803939985
-23.25	-26.0803939985
-23.221127781944443	-26.0803939985
-23.	-26.0803939985
-22.971127781944443	-26.0803939985
-22.75	-26.0803939985
-22.721127781944443	-26.0803939985
-22.5	-26.0803939985
-22.471127781944443	-26.0803939985
-22.25	-26.0803939985
-22.221127781944443	-26.0803939985
-22.	-26.0803939985
-21.971127781944443	-26.0803939985
-21.75	-26.0803939985
-21.721143813159355	-26.08038822726263
-21.5	-26.0803439985
-21.471282624930595	-26.080338255024987
-21.25	-26.0802939985
-21.22142143670183	-26.08028828278734
-21.	-26.080243998500002
-20.97167035813053	-26.08019867107301
-20.75	-26.0798439985
-20.72274640503876	-26.079811294186047
-20.5	-26.0795439985
-20.473606198838496	-26.07950176841814
-20.25	-26.0791439985
-20.224796035005514	-26.079073427398015
-20.	-26.0784439985
-19.97686575753425	-26.07832832728767
-19.75	-26.0771939985
-19.730482912371134	-26.07702615154639
-19.5	-26.0750439985
-19.486570824014912	-26.074834503354634
-19.25	-26.0711439985
-19.24704850748194	-26.071062537306503
-19.20855077898551	-26.07
-19.01485036506708	-26.064653868575853
-19.	-26.0642439985
-18.794125125855327	-26.054114954692082
-18.75	-26.0519439985
-18.588979412488808	-26.037967411504027
-18.5	-26.0302439985
-18.402172900116824	-26.015217755957945
-18.25	-25.991843998500002
-18.231158131562204	-25.986783072637607
-18.205904696574834	-25.98
-18.08798282134903	-25.94832618431435
-18.	-25.9246939985
-17.957648927612304	-25.90524638605957
-17.924446867378048	-25.89
-17.847785646362304	-25.85479716730957
-17.75	-25.8098939985
-17.740828699944384	-25.803301668020023
-17.736235394407345	-25.8
-17.65740267102336	-25.743335038431592
-17.61102671327212	-25.71
-17.573976642102334	-25.68336840884316
-17.5	-25.6301939985
-17.490956353353443	-25.623255712792762
-17.486712723540144	-25.62
-17.41111249245919	-25.56199950271469
-17.369403025938478	-25.53
-17.33126863156494	-25.500743292636624
-17.25209332833681	-25.44
-17.25142477067069	-25.439487082558554
-17.25	-25.4383939985
-17.105234198329512	-25.402115688601377
-17.	-25.375743998500003
-16.930646555765087	-25.37496723992457
-16.75	-25.372943998500002
-16.686337407047724	-25.37291853346282
-16.5	-25.372843998500002
-16.436650031891293	-25.372805988519136
-16.25	-25.3726939985
-16.187170546788483	-25.37261860315615
-16.	-25.3723939985
-15.938172284649365	-25.372257977526232
-15.75	-25.3718439985
-15.689989015109889	-25.37160395456044
-15.5	-25.3708439985
-15.443173395583424	-25.370457577589967
-15.25	-25.3691439985
-15.198565291509942	-25.368516495056422
-15.	-25.366093998500002
-14.957824951519918	-25.365183017452832
-14.75	-25.3606939985
-14.723144152435962	-25.359668105123056
-14.5	-25.3511439985
-14.497322100889514	-25.350964043679777
-14.48297621279762	-25.35
-14.286647943586143	-25.33680674030899
-14.25	-25.334343998500003
-14.094011753042382	-25.316155768904743
-14.	-25.305193998500002
-13.919123123657839	-25.28911567548318
-13.772666003521127	-25.26
-13.758063710629921	-25.25709706417323
-13.75	-25.2554939985
-13.625627002473086	-25.21477427910969
-13.5	-25.1736439985
-13.495789232146985	-25.171515876427087
-13.492789872378314	-25.17
-13.391791081003005	-25.11895521083892
-13.31471310150376	-25.08
-13.287792929859025	-25.06639454525075
-13.25	-25.0472939985
-13.195959254385965	-25.00945466842105
-13.168174809340188	-24.99
-13.111069610922467	-24.95001494006791
-13.039640104970008	-24.9
-13.02617996745897	-24.89057521171477
-13.	-24.8722439985
-12.94840517365716	-24.82857413748342
-12.926460304229678	-24.81
-12.873803051641246	-24.76543090140915
-12.820127601016068	-24.72
-12.79920092962533	-24.70228766533488
-12.75	-24.6606439985
-12.726104180832813	-24.638602494900187
-12.716777972137901	-24.63
-12.65592327004055	-24.5738676227854
-12.619206419666089	-24.54
-12.585742359248284	-24.509132750670616
-12.521634867194276	-24.45
-12.515561448456019	-24.444397878555833
-12.5	-24.4300439985
-12.44686390646336	-24.37912899367319
-12.426900439887289	-24.36
-12.378588986117434	-24.313707964997725
-12.332974328428303	-24.27
-12.310314065771506	-24.24828693632226
-12.25	-24.1904939985
-12.242141681518646	-24.18282899465329
-12.239241338425261	-24.18
-12.174746144600869	-24.117091387943688
-12.146971500410087	-24.09