0.00098473 
0.00123968 
0.00156064 
0.00196469 
0.00247335 
0.00311369 
0.00391979 
0.00493458 
0.00621205 
0.00782022 
0.00984465 
0.0123931 
0.0156011 
0.0196395 
0.024723 
0.0311221 
0.0391771 
0.0493165 
0.0620793 
0.0781441 
0.0983648 
0.123816 
0.15585 
0.196168 
0.246912 
0.310775 
0.390044 
0.468089 
0.569499 
0.700693 
0.869797 
1.08708 
1.36553 
1.72154 
2.17579 
2.75441 
3.49033 
4.34751 
5.44486 
6.84821 
8.57551 
10.7773 
13.5928 
17.187 
21.7324 
27.4744 
34.8019 
44.0499 
55.1248 
68.2677 
85.0435 
106.456 
133.176 
163.223 
202.656 
245.559 
298.178 
360.883 
449.59 
576.711 
759.998 
1024.85 
1406.11 
1948.78 
2716.31 
3801.55 
5301.09 
7321.49 
9964.28 
10000 
10000 
10000 
10000 
10000 
10000 
10000 
10000 
10000 
10000 
10000 
10000 
