0.000330245 
0.000415759 
0.000523417 
0.000658953 
0.000829588 
0.00104441 
0.00131486 
0.00165535 
0.00208403 
0.00262371 
0.00330318 
0.00415861 
0.00523561 
0.00659157 
0.00829875 
0.0104482 
0.0131544 
0.0165616 
0.0208517 
0.0262533 
0.0330545 
0.0416182 
0.0524015 
0.0659797 
0.0830778 
0.104609 
0.131723 
0.16587 
0.189583 
0.217171 
0.25551 
0.307835 
0.378275 
0.472096 
0.596006 
0.723063 
0.850621 
1.03107 
1.28063 
1.57612 
1.89846 
2.35421 
2.87816 
3.52027 
4.28943 
5.1837 
6.16277 
7.32739 
8.70339 
10.2794 
12.0546 
14.0513 
16.2295 
18.5227 
20.9988 
24.0608 
30.4394 
41.8188 
27.968 
15.4963 
9.51652 
9.22982 
9.05978 
8.92735 
8.80769 
8.81369 
8.812 
8.86114 
9.04525 
9.1329 
9.3541 
9.6128 
9.86078 
10.2592 
10.553 
10.9753 
11.4202 
11.8595 
12.4529 
12.9046 
13.5295 
24.2452 
55.4595 
106.485 
181.857 
293.352 
437.248 
589.467 
730.8 
853.238 
948.236 
1014.91 
1061.9 
1104.46 
1152.2 
1182.09 
1132.48 
995.962 
891.694 
