3.98988e-05 
5.02295e-05 
6.32349e-05 
7.96077e-05 
0.00010022 
0.000126168 
0.000158836 
0.000199961 
0.000251734 
0.000316911 
0.000398964 
0.00050226 
0.000632301 
0.000796008 
0.0010021 
0.00126155 
0.00158816 
0.00199933 
0.00251695 
0.00316857 
0.00398886 
0.00502151 
0.00632145 
0.00795789 
0.0100179 
0.0126111 
0.0158754 
0.0199846 
0.0251571 
0.0316681 
0.0398638 
0.0501799 
0.0631647 
0.0795083 
0.0840653 
0.0850294 
0.0896899 
0.0994217 
0.116005 
0.141738 
0.179572 
0.233293 
0.30774 
0.409087 
0.505243 
0.618699 
0.781801 
0.990201 
1.21106 
1.53009 
1.97739 
2.57535 
3.30937 
4.31072 
5.65651 
7.44404 
9.71796 
12.6855 
16.5312 
21.4667 
27.8247 
35.9296 
46.2614 
59.3663 
75.7025 
96.1613 
121.633 
152.822 
190.951 
236.696 
291.066 
346.936 
410.384 
482.537 
563.07 
651.007 
745.231 
844.092 
946.124 
1053.88 
1160.2 
