0.000985422 
0.00124055 
0.00156172 
0.00196604 
0.00247503 
0.00311578 
0.0039224 
0.00493781 
0.00621605 
0.00782515 
0.00985073 
0.0124005 
0.0156102 
0.0196506 
0.0247364 
0.0311381 
0.0391961 
0.0493387 
0.0621049 
0.0781728 
0.098396 
0.123848 
0.15588 
0.196191 
0.246918 
0.31075 
0.391068 
0.492123 
0.586502 
0.698667 
0.84645 
1.03983 
1.29143 
1.61722 
2.03737 
2.57733 
3.26915 
4.10952 
5.09812 
6.37727 
8.02516 
10.1401 
12.8451 
16.2946 
20.6811 
26.1773 
33.101 
41.8071 
52.6875 
66.3992 
83.6251 
105.195 
132.08 
165.107 
206.001 
249.041 
300.679 
365.034 
444.09 
540.193 
656.128 
794.572 
958.207 
1148.54 
1367.87 
1617.68 
1858.81 
2113.49 
2380.64 
2643.82 
2855.56 
2936.6 
2772.22 
2437.09 
2225.82 
2183.3 
2316.65 
2431.78 
2467.23 
2581.48 
