0.00083825 
0.00105531 
0.00132859 
0.00167263 
0.00210578 
0.00265109 
0.00333764 
0.004202 
0.00529022 
0.00666031 
0.00838527 
0.0105571 
0.0132914 
0.0167342 
0.0210689 
0.0265267 
0.0333987 
0.0420515 
0.052947 
0.0666665 
0.0839427 
0.105698 
0.133096 
0.1676 
0.211055 
0.265788 
0.33473 
0.421575 
0.530981 
0.668825 
0.842517 
1.06141 
1.33731 
1.68512 
2.12368 
2.67682 
3.37466 
4.25536 
5.36731 
6.7719 
8.54719 
10.7926 
13.6349 
17.22 
21.4439 
26.0559 
31.9767 
39.5912 
49.4065 
62.0962 
76.4386 
93.1365 
115.347 
138.916 
169.564 
200.31 
244.857 
310.707 
408.352 
552.891 
766.655 
1080.54 
1536.54 
2189.27 
3104.33 
4366.1 
6095.44 
8406.42 
10000 
10000 
10000 
10000 
10000 
10000 
10000 
10000 
10000 
10000 
10000 
10000 
10000 
