0.0131997 
0.016612 
0.0209056 
0.0263077 
0.0331041 
0.041654 
0.0524089 
0.0659359 
0.0829478 
0.10434 
0.131235 
0.165046 
0.207542 
0.260943 
0.328034 
0.412304 
0.518124 
0.637057 
0.78074 
0.964059 
1.19737 
1.49363 
1.86906 
2.33636 
2.91664 
3.63768 
4.35845 
5.20679 
6.33837 
7.79168 
9.63191 
12.0369 
15.1564 
19.1777 
24.3354 
30.7879 
38.9857 
49.4359 
59.778 
70.591 
83.6965 
101.209 
120.875 
145.757 
175.638 
209.418 
261.643 
343.37 
470.823 
668.141 
969.186 
1420.91 
2092.52 
3062.33 
4418.65 
6249.55 
8618.54 
10000 
10000 
10000 
10000 
10000 
10000 
10000 
10000 
10000 
10000 
10000 
10000 
10000 
10000 
10000 
10000 
10000 
10000 
10000 
10000 
10000 
10000 
10000 
10000 
