0.000935192 
0.00117731 
0.00148211 
0.00186582 
0.00234886 
0.00295694 
0.00372243 
0.00468607 
0.00589914 
0.00742619 
0.00934846 
0.0117682 
0.0148142 
0.0186485 
0.0234748 
0.0295499 
0.0371968 
0.0468217 
0.0589363 
0.0741839 
0.0933744 
0.117527 
0.147922 
0.186173 
0.230695 
0.269687 
0.321763 
0.390666 
0.48114 
0.599203 
0.752472 
0.950578 
1.189 
1.47752 
1.83229 
2.29556 
2.89716 
3.67472 
4.67568 
5.95969 
7.60172 
9.68831 
12.2375 
15.4914 
19.6326 
24.8883 
31.5136 
39.7661 
50.1702 
62.8183 
78.601 
93.5546 
111.457 
134.308 
163.236 
199.579 
244.763 
300.33 
368.058 
449.252 
545.674 
659.188 
792.042 
949.306 
1133.76 
1347.66 
1569.52 
1777.39 
1988.31 
2188.37 
2335.19 
2347.25 
1934.66 
1483.98 
1151.36 
1021.72 
1022.63 
1003.66 
946.084 
984.336 
