2e-16 0.000330245
2.24404e-16 0.000415759
2.51786e-16 0.000523417
2.82508e-16 0.000658953
3.16978e-16 0.000829588
3.55656e-16 0.00104441
3.99052e-16 0.00131486
4.47744e-16 0.00165535
5.02378e-16 0.00208403
5.63676e-16 0.00262371
6.32456e-16 0.00330318
7.09626e-16 0.00415861
7.96214e-16 0.00523561
8.93368e-16 0.00659157
1.00237e-15 0.00829875
1.12468e-15 0.0104482
1.26191e-15 0.0131544
1.41589e-15 0.0165616
1.58866e-15 0.0208517
1.7825e-15 0.0262533
2e-15 0.0330545
2.24404e-15 0.0416182
2.51786e-15 0.0524015
2.82508e-15 0.0659797
3.16978e-15 0.0830778
3.55656e-15 0.104609
3.99052e-15 0.131723
4.47744e-15 0.16587
5.02378e-15 0.189583
5.63676e-15 0.217171
6.32456e-15 0.25551
7.09626e-15 0.307835
7.96214e-15 0.378275
8.93368e-15 0.472096
1.00237e-14 0.596006
1.12468e-14 0.723063
1.26191e-14 0.850621
1.41589e-14 1.03107
1.58866e-14 1.28063
1.7825e-14 1.57612
2e-14 1.89846
2.24404e-14 2.35421
2.51786e-14 2.87816
2.82508e-14 3.52027
3.16978e-14 4.28943
3.55656e-14 5.1837
3.99052e-14 6.16277
4.47744e-14 7.32739
5.02378e-14 8.70339
5.63676e-14 10.2794
6.32456e-14 12.0546
7.09626e-14 14.0513
7.96214e-14 16.2295
8.93368e-14 18.5227
1.00237e-13 20.9988
1.12468e-13 24.0608
1.26191e-13 30.4394
1.41589e-13 41.8188
1.58866e-13 27.968
1.7825e-13 15.4963
2e-13 9.51652
2.02316e-13 9.22982
2.04658e-13 9.05978
2.07028e-13 8.92735
2.09426e-13 8.80769
2.1185e-13 8.81369
2.14304e-13 8.812
2.16786e-13 8.86114
2.19296e-13 9.04525
2.21834e-13 9.1329
2.24404e-13 9.3541
2.27002e-13 9.6128
2.2963e-13 9.86078
2.3229e-13 10.2592
2.3498e-13 10.553
2.377e-13 10.9753
2.40452e-13 11.4202
2.43238e-13 11.8595
2.46054e-13 12.4529
2.48902e-13 12.9046
2.51786e-13 13.5295
2.82508e-13 24.2452
3.16978e-13 55.4595
3.55656e-13 106.485
3.99052e-13 181.857
4.47744e-13 293.352
5.02378e-13 437.248
5.63676e-13 589.467
6.32456e-13 730.8
7.09626e-13 853.238
7.96214e-13 948.236
8.93368e-13 1014.91
1.00237e-12 1061.9
1.12468e-12 1104.46
1.26191e-12 1152.2
1.41589e-12 1182.09
1.58866e-12 1132.48
1.7825e-12 995.962
2e-12 891.694
