0.0106088 
0.0133622 
0.0168312 
0.0212023 
0.0267105 
0.0336526 
0.042403 
0.0534344 
0.0673438 
0.0848853 
0.107012 
0.13493 
0.170163 
0.214642 
0.270813 
0.341777 
0.431467 
0.544881 
0.688372 
0.870027 
1.10016 
1.39192 
1.76215 
2.23241 
2.83037 
3.59166 
4.56222 
5.8015 
7.38665 
9.41807 
12.027 
14.4876 
17.242 
20.9887 
26.0286 
32.8323 
42.0507 
54.5423 
70.7439 
87.9267 
112.233 
146.426 
185.605 
239.949 
308.314 
401.023 
538.107 
737.65 
1024.81 
1432.56 
2003.61 
2791.37 
3859.16 
5277.69 
7119.13 
9444.1 
10000 
10000 
10000 
10000 
10000 
10000 
10000 
10000 
10000 
10000 
10000 
10000 
10000 
10000 
10000 
10000 
10000 
10000 
10000 
10000 
10000 
10000 
10000 
10000 
10000 
