0.00977051 
0.0123069 
0.0155026 
0.0195296 
0.0246047 
0.0310015 
0.0390654 
0.0492324 
0.0620536 
0.078225 
0.0986268 
0.124372 
0.156871 
0.197908 
0.249744 
0.31525 
0.398068 
0.502829 
0.635425 
0.803361 
1.01621 
1.28622 
1.62906 
2.06481 
2.61931 
3.08472 
3.39951 
3.87179 
4.55706 
5.52942 
6.88796 
8.76553 
11.3408 
14.3855 
16.9139 
20.7256 
26.3361 
32.1433 
38.9754 
48.8771 
58.0968 
74.047 
99.8293 
140.217 
201.669 
293.562 
428.984 
625.939 
908.73 
1309.32 
1868.85 
2637.27 
3672.34 
5032.92 
6798.68 
9044.15 
10000 
10000 
10000 
10000 
10000 
10000 
10000 
10000 
10000 
10000 
10000 
10000 
10000 
10000 
10000 
10000 
10000 
10000 
10000 
10000 
10000 
10000 
10000 
10000 
10000 
