0.000347979 
0.000438085 
0.000551523 
0.000694337 
0.000874133 
0.00110049 
0.00138546 
0.00174424 
0.00219592 
0.00276458 
0.00348052 
0.00438188 
0.00551669 
0.00694543 
0.00874424 
0.011009 
0.0138604 
0.0174505 
0.0219707 
0.0276621 
0.0348282 
0.0438512 
0.0552127 
0.0695189 
0.0875335 
0.110219 
0.138786 
0.174761 
0.220068 
0.27713 
0.348999 
0.431721 
0.494728 
0.580993 
0.697412 
0.852783 
1.05832 
1.32829 
1.68085 
2.13907 
2.61887 
3.19069 
3.95809 
4.84771 
5.91554 
7.36577 
9.03532 
11.1817 
13.7216 
16.9517 
20.7313 
25.2739 
30.7439 
37.2823 
45.0237 
54.0503 
65.009 
62.9744 
44.0657 
30.1246 
22.4711 
21.5752 
28.1201 
42.2401 
71.3245 
127.284 
212.957 
327.394 
466.422 
620.043 
774.224 
915.606 
1037.23 
1141.43 
1238.85 
1345.73 
1473.74 
1600.93 
1660.21 
1638.38 
1669.17 
