0.0141844 
0.0178517 
0.0224662 
0.0282724 
0.0355775 
0.0447677 
0.0563287 
0.0708705 
0.0891599 
0.11216 
0.14108 
0.177439 
0.223143 
0.280583 
0.352757 
0.443427 
0.557301 
0.700279 
0.879742 
1.10493 
1.38737 
1.69951 
2.0939 
2.59441 
3.22825 
4.02933 
5.03994 
6.31265 
7.91278 
9.88235 
12.2538 
15.2396 
18.9914 
23.6977 
29.5932 
36.9717 
46.2025 
57.6267 
71.7793 
89.5955 
112.141 
138.726 
165.751 
202.084 
245.159 
305.85 
380.466 
482.582 
623.236 
839.036 
1166.57 
1655.27 
2368.57 
3382.89 
4782.55 
6649.35 
9042.31 
10000 
10000 
10000 
10000 
10000 
10000 
10000 
10000 
10000 
10000 
10000 
10000 
10000 
10000 
10000 
10000 
10000 
10000 
10000 
10000 
10000 
10000 
10000 
10000 
