1.77337e-05 
2.23254e-05 
2.81061e-05 
3.53836e-05 
4.45454e-05 
5.60796e-05 
7.06003e-05 
8.88809e-05 
0.000111895 
0.000140868 
0.000177344 
0.000223264 
0.000281075 
0.000353856 
0.000445483 
0.000560836 
0.00070606 
0.00088889 
0.00111906 
0.00140884 
0.00177367 
0.00223296 
0.00281121 
0.0035392 
0.00445574 
0.00560964 
0.00706241 
0.00889145 
0.0111942 
0.0140935 
0.0177438 
0.0223397 
0.0281263 
0.0354121 
0.0445856 
0.0561363 
0.0706802 
0.082482 
0.0790296 
0.0782831 
0.0813841 
0.0898249 
0.105546 
0.131058 
0.169603 
0.225351 
0.30365 
0.329427 
0.382743 
0.473745 
0.615157 
0.702253 
0.835559 
0.985819 
1.12947 
1.38369 
1.58006 
1.88456 
2.23093 
2.56252 
2.95581 
3.38072 
3.82036 
4.28266 
4.63307 
5.02375 
5.24942 
5.88688 
9.09151 
15.8004 
27.1366 
44.287 
68.88 
99.7486 
137.068 
190.186 
261.559 
348.174 
431.785 
525.915 
627.9 
